Session ID,Cumulative Games,Games Simulated in Session,Games Played in Session,Lifetime Avg Bet (Xbase),Lifetime winrate (W/L x(Base)),Lifetime Amount won (Xbase),Lifetime Amount loss (Xbase),Lifetime Amount push (Xbase),Lifetime Net Gain/Loss (Xbase),Session Avg Bet (Xbase),Session winrate (W/L x(Base)),Session Amount won (Xbase),Session Amount loss (Xbase),Session Amount push (Xbase),Session Net Gain/Loss (Xbase)
1,1000,1000,960.0,709.25,51.786,329890.0,307140.0,72220.0,22750.0,709.25,51.786,329890.0,307140.0,72220.0,22750.0
2,2000,1000,960.0,720.0,50.862,665850.0,643290.0,130860.0,22560.0,730.75,49.986,335960.0,336150.0,58640.0,-190.0
3,3000,1000,962.0,724.053,48.858,971440.0,1016850.0,183870.0,-45410.0,732.16,44.996,305590.0,373560.0,53010.0,-67970.0
4,4000,1000,969.0,724.477,49.117,1309370.0,1356430.0,232110.0,-47060.0,725.75,49.878,337930.0,339580.0,48240.0,-1650.0
5,5000,1000,975.0,727.839,49.416,1655095.0,1694190.0,289910.0,-39095.0,741.285,50.583,345725.0,337760.0,57800.0,7965.0
6,6000,1000,964.0,728.104,48.977,1969105.0,2051360.0,348160.0,-82255.0,729.43,46.785,314010.0,357170.0,58250.0,-43160.0
7,7000,1000,968.0,726.077,49.002,2287710.0,2380860.0,413970.0,-93150.0,713.915,49.159,318605.0,329500.0,65810.0,-10895.0
8,8000,1000,965.0,727.087,48.485,2585905.0,2747540.0,483250.0,-161635.0,734.155,44.85,298195.0,366680.0,69280.0,-68485.0
9,9000,1000,971.0,728.041,48.761,2933440.0,3082560.0,536370.0,-149120.0,735.675,50.917,347535.0,335020.0,53120.0,12515.0
10,10000,1000,967.0,729.691,49.283,3305520.0,3401720.0,589670.0,-96200.0,744.54,53.828,372080.0,319160.0,53300.0,52920.0
11,11000,1000,967.0,732.795,49.381,3663915.0,3755810.0,641020.0,-91895.0,763.835,50.302,358395.0,354090.0,51350.0,4305.0
12,12000,1000,967.0,735.295,49.231,3998700.0,4123640.0,701200.0,-124940.0,762.795,47.648,334785.0,367830.0,60180.0,-33045.0
13,13000,1000,970.0,736.125,49.326,4345360.0,4464140.0,760120.0,-118780.0,746.08,50.448,346660.0,340500.0,58920.0,6160.0
14,14000,1000,968.0,736.927,49.332,4685285.0,4812220.0,819470.0,-126935.0,747.355,49.407,339925.0,348080.0,59350.0,-8155.0
15,15000,1000,968.0,735.995,49.303,5012825.0,5154550.0,872550.0,-141725.0,722.95,48.896,327540.0,342330.0,53080.0,-14790.0
16,16000,1000,970.0,736.334,49.15,5332930.0,5517420.0,931000.0,-184490.0,741.425,46.869,320105.0,362870.0,58450.0,-42765.0
17,17000,1000,966.0,736.967,49.031,5651765.0,5875170.0,1001500.0,-223405.0,747.085,47.124,318835.0,357750.0,70500.0,-38915.0
18,18000,1000,964.0,735.27,49.035,5973205.0,6208310.0,1053340.0,-235105.0,706.42,49.106,321440.0,333140.0,51840.0,-11700.0
19,19000,1000,965.0,734.562,49.133,6307395.0,6530020.0,1119270.0,-222625.0,721.83,50.951,334190.0,321710.0,65930.0,12480.0
20,20000,1000,968.0,734.252,49.049,6638675.0,6896100.0,1150260.0,-257425.0,728.35,47.505,331280.0,366080.0,30990.0,-34800.0
21,21000,1000,970.0,733.432,48.856,6934935.0,7259610.0,1207520.0,-324675.0,717.03,44.904,296260.0,363510.0,57260.0,-67250.0
22,22000,1000,967.0,733.734,48.891,7271675.0,7601670.0,1268800.0,-329995.0,740.08,49.608,336740.0,342060.0,61280.0,-5320.0
23,23000,1000,973.0,734.94,48.93,7614655.0,7947830.0,1341140.0,-333175.0,761.48,49.769,342980.0,346160.0,72340.0,-3180.0
24,24000,1000,962.0,736.857,48.975,7979280.0,8313390.0,1391910.0,-334110.0,780.955,49.936,364625.0,365560.0,50770.0,-935.0
25,25000,1000,962.0,737.275,49.138,8340990.0,8633520.0,1457360.0,-292530.0,747.29,53.049,361710.0,320130.0,65450.0,41580.0
26,26000,1000,965.0,736.255,49.126,8660450.0,8968740.0,1513430.0,-308290.0,710.75,48.796,319460.0,335220.0,56070.0,-15760.0
27,27000,1000,973.0,737.813,49.229,9026090.0,9308870.0,1585990.0,-282780.0,778.33,51.807,365640.0,340130.0,72560.0,25510.0
28,28000,1000,967.0,738.176,49.264,9378535.0,9658610.0,1631770.0,-280075.0,747.965,50.193,352445.0,349740.0,45780.0,2705.0
29,29000,1000,967.0,738.702,49.317,9731945.0,10001410.0,1689010.0,-269465.0,753.45,50.762,353410.0,342800.0,57240.0,10610.0
30,30000,1000,973.0,739.274,49.149,10046385.0,10394450.0,1737390.0,-348065.0,755.86,44.445,314440.0,393040.0,48380.0,-78600.0
31,31000,1000,966.0,740.255,49.077,10378830.0,10769230.0,1799860.0,-390400.0,769.695,47.007,332445.0,374780.0,62470.0,-42335.0
32,32000,1000,970.0,740.754,49.096,10729840.0,11125140.0,1849160.0,-395300.0,756.22,49.653,351010.0,355910.0,49300.0,-4900.0
33,33000,1000,969.0,740.556,49.003,11034280.0,11483330.0,1920750.0,-449050.0,734.22,45.944,304440.0,358190.0,71590.0,-53750.0
34,34000,1000,974.0,740.205,49.089,11389650.0,11812530.0,1964790.0,-422880.0,728.61,51.911,355370.0,329200.0,44040.0,26170.0
35,35000,1000,973.0,741.078,49.173,11763885.0,12159820.0,2014020.0,-395935.0,770.755,51.867,374235.0,347290.0,49230.0,26945.0
36,36000,1000,965.0,740.398,49.079,12061080.0,12513760.0,2079480.0,-452680.0,716.595,45.643,297195.0,353940.0,65460.0,-56745.0
37,37000,1000,968.0,740.36,49.178,12422255.0,12837460.0,2133590.0,-415205.0,738.985,52.736,361175.0,323700.0,54110.0,37475.0
38,38000,1000,968.0,740.49,49.221,12771165.0,13175500.0,2191970.0,-404335.0,745.33,50.791,348910.0,338040.0,58380.0,10870.0
39,39000,1000,970.0,739.779,49.28,13110010.0,13493020.0,2248350.0,-383010.0,712.745,51.624,338845.0,317520.0,56380.0,21325.0
40,40000,1000,960.0,740.484,49.325,13469645.0,13838420.0,2311290.0,-368775.0,767.975,51.01,359635.0,345400.0,62940.0,14235.0
41,41000,1000,970.0,741.09,49.377,13829150.0,14177930.0,2377600.0,-348780.0,765.325,51.43,359505.0,339510.0,66310.0,19995.0
42,42000,1000,972.0,741.575,49.42,14184985.0,14517660.0,2443500.0,-332675.0,761.465,51.158,355835.0,339730.0,65900.0,16105.0
43,43000,1000,970.0,741.928,49.468,14547635.0,14860510.0,2494750.0,-312875.0,756.75,51.403,362650.0,342850.0,51250.0,19800.0
44,44000,1000,961.0,742.249,49.519,14909725.0,15199600.0,2549650.0,-289875.0,756.08,51.64,362090.0,339090.0,54900.0,23000.0
45,45000,1000,967.0,742.032,49.439,15224675.0,15570190.0,2596570.0,-345515.0,732.46,45.942,314950.0,370590.0,46920.0,-55640.0
46,46000,1000,967.0,742.416,49.535,15596825.0,15889650.0,2664640.0,-292825.0,759.68,53.809,372150.0,319460.0,68070.0,52690.0
47,47000,1000,959.0,742.307,49.591,15958105.0,16221440.0,2708890.0,-263335.0,737.32,52.127,361280.0,331790.0,44250.0,29490.0
48,48000,1000,964.0,742.097,49.625,16303175.0,16549260.0,2768220.0,-246085.0,732.22,51.282,345070.0,327820.0,59330.0,17250.0
49,49000,1000,959.0,742.116,49.61,16632330.0,16894140.0,2837190.0,-261810.0,743.005,48.834,329155.0,344880.0,68970.0,-15725.0
50,50000,1000,971.0,742.534,49.51,16950940.0,17286710.0,2889030.0,-335770.0,763.02,44.8,318610.0,392570.0,51840.0,-73960.0
51,51000,1000,971.0,742.67,49.501,17297060.0,17645670.0,2933450.0,-348610.0,749.5,49.089,346120.0,358960.0,44420.0,-12840.0
52,52000,1000,965.0,742.279,49.46,17613135.0,17997890.0,2987490.0,-384755.0,722.335,47.296,316075.0,352220.0,54040.0,-36145.0
53,53000,1000,970.0,742.174,49.452,17940970.0,18338480.0,3055780.0,-397510.0,736.715,49.046,327835.0,340590.0,68290.0,-12755.0
54,54000,1000,963.0,742.496,49.467,18287860.0,18682310.0,3124590.0,-394450.0,759.53,50.222,346890.0,343830.0,68810.0,3060.0
55,55000,1000,969.0,742.021,49.431,18602900.0,19030870.0,3177370.0,-427970.0,716.38,47.474,315040.0,348560.0,52780.0,-33520.0
56,56000,1000,972.0,741.797,49.428,18935385.0,19373790.0,3231440.0,-438405.0,729.475,49.228,332485.0,342920.0,54070.0,-10435.0
57,57000,1000,968.0,741.743,49.46,19292495.0,19714100.0,3272770.0,-421605.0,738.75,51.204,357110.0,340310.0,41330.0,16800.0
58,58000,1000,962.0,741.31,49.436,19607165.0,20054660.0,3334170.0,-447495.0,716.63,48.024,314670.0,340560.0,61400.0,-25890.0
59,59000,1000,973.0,741.06,49.388,19905690.0,20398770.0,3418070.0,-493080.0,726.535,46.453,298525.0,344110.0,83900.0,-45585.0
60,60000,1000,965.0,741.176,49.417,20254965.0,20733000.0,3482600.0,-478035.0,748.035,51.101,349275.0,334230.0,64530.0,15045.0
61,61000,1000,973.0,741.456,49.373,20579510.0,21102080.0,3547200.0,-522570.0,758.225,46.79,324545.0,369080.0,64600.0,-44535.0
62,62000,1000,971.0,741.388,49.42,20933085.0,21424750.0,3608200.0,-491665.0,737.245,52.285,353575.0,322670.0,61000.0,30905.0
63,63000,1000,967.0,741.05,49.456,21282150.0,21750050.0,3653980.0,-467900.0,720.145,51.762,349065.0,325300.0,45780.0,23765.0
64,64000,1000,968.0,741.018,49.492,21634660.0,22078780.0,3711740.0,-444120.0,739.0,51.745,352510.0,328730.0,57760.0,23780.0
65,65000,1000,967.0,740.761,49.49,21964720.0,22417430.0,3767330.0,-452710.0,724.3,49.358,330060.0,338650.0,55590.0,-8590.0
66,66000,1000,970.0,740.825,49.506,22299945.0,22744840.0,3849650.0,-444895.0,744.955,50.59,335225.0,327410.0,82320.0,7815.0
67,67000,1000,963.0,740.246,49.497,22615965.0,23075230.0,3905280.0,-459265.0,702.04,48.888,316020.0,330390.0,55630.0,-14370.0
68,68000,1000,966.0,740.139,49.504,22949630.0,23409350.0,3970490.0,-459720.0,732.995,49.966,333665.0,334120.0,65210.0,-455.0
69,69000,1000,960.0,740.333,49.545,23314620.0,23743310.0,4025080.0,-428690.0,753.54,52.22,364990.0,333960.0,54590.0,31030.0
70,70000,1000,972.0,740.17,49.48,23614645.0,24110790.0,4086440.0,-496145.0,728.865,44.947,300025.0,367480.0,61360.0,-67455.0
71,71000,1000,964.0,739.98,49.42,23918190.0,24479220.0,4141160.0,-561030.0,726.695,45.172,303545.0,368430.0,54720.0,-64885.0
72,72000,1000,956.0,739.806,49.424,24246285.0,24811510.0,4208230.0,-565225.0,727.455,49.682,328095.0,332290.0,67070.0,-4195.0
73,73000,1000,971.0,739.825,49.451,24594580.0,25140290.0,4272390.0,-545710.0,741.235,51.441,348295.0,328780.0,64160.0,19515.0
74,74000,1000,970.0,739.721,49.459,24932290.0,25478150.0,4328930.0,-545860.0,732.11,49.989,337710.0,337860.0,56540.0,-150.0
75,75000,1000,967.0,739.579,49.462,25265375.0,25815410.0,4387670.0,-550035.0,729.085,49.689,333085.0,337260.0,58740.0,-4175.0
76,76000,1000,958.0,739.57,49.477,25606045.0,26147020.0,4454280.0,-540975.0,738.89,50.674,340670.0,331610.0,66610.0,9060.0
77,77000,1000,967.0,739.859,49.451,25931455.0,26507190.0,4530530.0,-575735.0,761.83,47.465,325410.0,360170.0,76250.0,-34760.0
78,78000,1000,964.0,739.896,49.447,26268465.0,26855740.0,4587690.0,-587275.0,742.72,49.158,337010.0,348550.0,57160.0,-11540.0
79,79000,1000,970.0,740.204,49.461,26626800.0,27206790.0,4642540.0,-579990.0,764.235,50.513,358335.0,351050.0,54850.0,7285.0
80,80000,1000,967.0,740.191,49.476,26967480.0,27539170.0,4708640.0,-571690.0,739.16,50.617,340680.0,332380.0,66100.0,8300.0
81,81000,1000,963.0,739.989,49.424,27267410.0,27903530.0,4768190.0,-636120.0,723.84,45.15,299930.0,364360.0,59550.0,-64430.0
82,82000,1000,964.0,739.93,49.384,27582860.0,28270780.0,4820600.0,-687920.0,735.11,46.206,315450.0,367250.0,52410.0,-51800.0
83,83000,1000,971.0,739.682,49.392,27916630.0,28604270.0,4872690.0,-687640.0,719.35,50.021,333770.0,333490.0,52090.0,280.0
84,84000,1000,976.0,739.928,49.37,28254695.0,28975500.0,4923760.0,-720805.0,760.365,47.662,338065.0,371230.0,51070.0,-33165.0
85,85000,1000,968.0,739.901,49.343,28579690.0,29340540.0,4971390.0,-760850.0,737.665,47.098,324995.0,365040.0,47630.0,-40045.0
86,86000,1000,974.0,740.141,49.322,28914730.0,29709460.0,5027950.0,-794730.0,760.52,47.594,335040.0,368920.0,56560.0,-33880.0
87,87000,1000,963.0,739.963,49.347,29264225.0,30038300.0,5074250.0,-774075.0,724.635,51.522,349495.0,328840.0,46300.0,20655.0
88,88000,1000,973.0,740.041,49.337,29600655.0,30395720.0,5127270.0,-795065.0,746.87,48.487,336430.0,357420.0,53020.0,-20990.0
89,89000,1000,966.0,739.913,49.289,29900325.0,30763500.0,5188390.0,-863175.0,728.57,44.898,299670.0,367780.0,61120.0,-68110.0
90,90000,1000,967.0,739.777,49.315,30241305.0,31081370.0,5257220.0,-840065.0,727.68,51.754,340980.0,317870.0,68830.0,23110.0
91,91000,1000,967.0,739.604,49.308,30567215.0,31425440.0,5311290.0,-858225.0,724.05,48.645,325910.0,344070.0,54070.0,-18160.0
92,92000,1000,967.0,739.627,49.255,30871600.0,31805250.0,5368810.0,-933650.0,741.715,44.488,304385.0,379810.0,57520.0,-75425.0
93,93000,1000,971.0,739.515,49.258,31206905.0,32146770.0,5421180.0,-939865.0,729.195,49.541,335305.0,341520.0,52370.0,-6215.0
94,94000,1000,963.0,739.536,49.226,31525830.0,32516740.0,5473850.0,-990910.0,741.565,46.295,318925.0,369970.0,52670.0,-51045.0
95,95000,1000,971.0,739.605,49.207,31855105.0,32881740.0,5525590.0,-1026635.0,746.015,47.427,329275.0,365000.0,51740.0,-35725.0
96,96000,1000,972.0,739.45,49.202,32183365.0,33227830.0,5576010.0,-1044465.0,724.77,48.678,328260.0,346090.0,50420.0,-17830.0
97,97000,1000,961.0,739.387,49.196,32516650.0,33579380.0,5624540.0,-1062730.0,733.365,48.666,333285.0,351550.0,48530.0,-18265.0
98,98000,1000,971.0,739.568,49.195,32852750.0,33928380.0,5696550.0,-1075630.0,757.11,49.059,336100.0,349000.0,72010.0,-12900.0
99,99000,1000,967.0,739.676,49.17,33172570.0,34292200.0,5763110.0,-1119630.0,750.2,46.782,319820.0,363820.0,66560.0,-44000.0
100,100000,1000,973.0,739.996,49.161,33519200.0,34663110.0,5817260.0,-1143910.0,771.69,48.308,346630.0,370910.0,54150.0,-24280.0
