Session ID,Cumulative Games,Games Simulated in Session,Games Played in Session,Lifetime Avg Bet (Xbase),Lifetime winrate (W/L x(Base)),Lifetime Amount won (Xbase),Lifetime Amount loss (Xbase),Lifetime Amount push (Xbase),Lifetime Net Gain/Loss (Xbase),Session Avg Bet (Xbase),Session winrate (W/L x(Base)),Session Amount won (Xbase),Session Amount loss (Xbase),Session Amount push (Xbase),Session Net Gain/Loss (Xbase)
1,1000,1000,57.0,0.985,48.663,455.0,480.0,50.0,-25.0,0.985,48.663,455.0,480.0,50.0,-25.0
2,2000,1000,66.0,1.048,50.63,1005.0,980.0,110.0,25.0,1.11,52.381,550.0,500.0,60.0,50.0
3,3000,1000,64.0,1.132,48.325,1515.0,1620.0,260.0,-105.0,1.3,44.348,510.0,640.0,150.0,-130.0
4,4000,1000,70.0,1.124,48.221,1965.0,2110.0,420.0,-145.0,1.1,47.872,450.0,490.0,160.0,-40.0
5,5000,1000,39.0,1.009,49.398,2255.0,2310.0,480.0,-55.0,0.55,59.184,290.0,200.0,60.0,90.0
6,6000,1000,80.0,1.037,50.088,2850.0,2840.0,530.0,10.0,1.175,52.889,595.0,530.0,50.0,65.0
7,7000,1000,7.0,0.906,50.346,2910.0,2870.0,560.0,40.0,0.12,66.667,60.0,30.0,30.0,30.0
8,8000,1000,67.0,0.906,50.075,3320.0,3310.0,620.0,10.0,0.91,48.235,410.0,440.0,60.0,-30.0
9,9000,1000,57.0,0.893,49.286,3625.0,3730.0,680.0,-105.0,0.785,42.069,305.0,420.0,60.0,-115.0
10,10000,1000,51.0,0.87,47.935,3830.0,4160.0,710.0,-330.0,0.665,32.283,205.0,430.0,30.0,-225.0
11,11000,1000,40.0,0.84,47.765,4060.0,4440.0,740.0,-380.0,0.54,45.098,230.0,280.0,30.0,-50.0
12,12000,1000,58.0,0.851,48.721,4570.0,4810.0,830.0,-240.0,0.97,57.955,510.0,370.0,90.0,140.0
13,13000,1000,43.0,0.825,49.089,4850.0,5030.0,850.0,-180.0,0.52,56.0,280.0,220.0,20.0,60.0
14,14000,1000,32.0,0.804,50.314,5215.0,5150.0,890.0,65.0,0.525,75.258,365.0,120.0,40.0,245.0
15,15000,1000,45.0,0.804,49.843,5545.0,5580.0,930.0,-35.0,0.8,43.421,330.0,430.0,40.0,-100.0
16,16000,1000,54.0,0.802,49.641,5875.0,5960.0,1000.0,-85.0,0.78,46.479,330.0,380.0,70.0,-50.0
17,17000,1000,20.0,0.773,49.236,5965.0,6150.0,1020.0,-185.0,0.3,32.143,90.0,190.0,20.0,-100.0
18,18000,1000,18.0,0.748,49.217,6125.0,6320.0,1020.0,-195.0,0.33,48.485,160.0,170.0,0.0,-10.0
19,19000,1000,17.0,0.724,48.934,6200.0,6470.0,1080.0,-270.0,0.285,33.333,75.0,150.0,60.0,-75.0
20,20000,1000,54.0,0.725,49.009,6555.0,6820.0,1120.0,-265.0,0.745,50.355,355.0,350.0,40.0,5.0
21,21000,1000,108.0,0.771,49.782,7435.0,7500.0,1250.0,-65.0,1.69,56.41,880.0,680.0,130.0,200.0
22,22000,1000,67.0,0.783,48.964,7800.0,8130.0,1300.0,-330.0,1.045,36.683,365.0,630.0,50.0,-265.0
23,23000,1000,50.0,0.796,49.438,8360.0,8550.0,1390.0,-190.0,1.07,57.143,560.0,420.0,90.0,140.0
24,24000,1000,64.0,0.799,49.081,8675.0,9000.0,1490.0,-325.0,0.865,41.176,315.0,450.0,100.0,-135.0
25,25000,1000,55.0,0.797,49.306,9065.0,9320.0,1540.0,-255.0,0.76,54.93,390.0,320.0,50.0,70.0
26,26000,1000,30.0,0.784,49.428,9285.0,9500.0,1590.0,-215.0,0.45,55.0,220.0,180.0,50.0,40.0
27,27000,1000,59.0,0.799,49.736,9875.0,9980.0,1730.0,-105.0,1.21,55.14,590.0,480.0,140.0,110.0
28,28000,1000,47.0,0.795,49.645,10135.0,10280.0,1850.0,-145.0,0.68,46.429,260.0,300.0,120.0,-40.0
29,29000,1000,37.0,0.793,49.443,10435.0,10670.0,1900.0,-235.0,0.74,43.478,300.0,390.0,50.0,-90.0
30,30000,1000,81.0,0.808,49.573,11040.0,11230.0,1960.0,-190.0,1.225,51.931,605.0,560.0,60.0,45.0
31,31000,1000,67.0,0.816,50.064,11660.0,11630.0,2020.0,30.0,1.08,60.784,620.0,400.0,60.0,220.0
32,32000,1000,75.0,0.83,49.582,12155.0,12360.0,2060.0,-205.0,1.265,40.408,495.0,730.0,40.0,-235.0
33,33000,1000,67.0,0.838,49.312,12550.0,12900.0,2210.0,-350.0,1.085,42.246,395.0,540.0,150.0,-145.0
34,34000,1000,76.0,0.852,49.635,13255.0,13450.0,2260.0,-195.0,1.305,56.175,705.0,550.0,50.0,155.0
35,35000,1000,47.0,0.851,49.499,13585.0,13860.0,2340.0,-275.0,0.82,44.595,330.0,410.0,80.0,-80.0
36,36000,1000,68.0,0.858,49.435,14010.0,14330.0,2530.0,-320.0,1.085,47.486,425.0,470.0,190.0,-45.0
37,37000,1000,77.0,0.871,49.873,14775.0,14850.0,2610.0,-75.0,1.365,59.533,765.0,520.0,80.0,245.0
38,38000,1000,53.0,0.87,49.507,15060.0,15360.0,2650.0,-300.0,0.835,35.849,285.0,510.0,40.0,-225.0
39,39000,1000,34.0,0.862,49.733,15355.0,15520.0,2730.0,-165.0,0.535,64.835,295.0,160.0,80.0,135.0
40,40000,1000,79.0,0.874,49.376,15830.0,16230.0,2910.0,-400.0,1.365,40.084,475.0,710.0,180.0,-235.0
41,41000,1000,92.0,0.889,49.783,16655.0,16800.0,3010.0,-145.0,1.495,59.14,825.0,570.0,100.0,255.0
42,42000,1000,72.0,0.889,49.993,17115.0,17120.0,3100.0,-5.0,0.87,58.974,460.0,320.0,90.0,140.0
43,43000,1000,33.0,0.882,50.187,17480.0,17350.0,3110.0,130.0,0.605,61.345,365.0,230.0,10.0,135.0
44,44000,1000,68.0,0.883,50.07,17870.0,17820.0,3170.0,50.0,0.92,45.349,390.0,470.0,60.0,-80.0
45,45000,1000,37.0,0.874,50.083,18110.0,18050.0,3190.0,60.0,0.49,51.064,240.0,230.0,20.0,10.0
46,46000,1000,62.0,0.877,50.378,18670.0,18390.0,3270.0,280.0,0.98,62.222,560.0,340.0,80.0,220.0
47,47000,1000,52.0,0.877,50.217,19055.0,18890.0,3280.0,165.0,0.895,43.503,385.0,500.0,10.0,-115.0
48,48000,1000,60.0,0.875,50.078,19360.0,19300.0,3330.0,60.0,0.765,42.657,305.0,410.0,50.0,-105.0
49,49000,1000,39.0,0.867,50.032,19585.0,19560.0,3360.0,25.0,0.515,46.392,225.0,260.0,30.0,-35.0
50,50000,1000,54.0,0.864,49.994,19905.0,19910.0,3380.0,-5.0,0.69,47.761,320.0,350.0,20.0,-30.0
51,51000,1000,63.0,0.867,49.969,20365.0,20390.0,3460.0,-25.0,1.02,48.936,460.0,480.0,80.0,-20.0
52,52000,1000,29.0,0.857,49.836,20485.0,20620.0,3460.0,-135.0,0.35,34.286,120.0,230.0,0.0,-110.0
53,53000,1000,45.0,0.854,49.832,20820.0,20960.0,3490.0,-140.0,0.705,49.63,335.0,340.0,30.0,-5.0
54,54000,1000,54.0,0.854,50.006,21265.0,21260.0,3600.0,5.0,0.855,59.732,445.0,300.0,110.0,145.0
55,55000,1000,71.0,0.861,50.149,21940.0,21810.0,3630.0,130.0,1.255,55.102,675.0,550.0,30.0,125.0
56,56000,1000,39.0,0.855,50.164,22175.0,22030.0,3690.0,145.0,0.515,51.648,235.0,220.0,60.0,15.0
57,57000,1000,100.0,0.868,49.841,22755.0,22900.0,3840.0,-145.0,1.6,40.0,580.0,870.0,150.0,-290.0
58,58000,1000,51.0,0.868,49.752,23070.0,23300.0,4000.0,-230.0,0.875,44.056,315.0,400.0,160.0,-85.0
59,59000,1000,63.0,0.87,49.683,23510.0,23810.0,4020.0,-300.0,0.97,46.316,440.0,510.0,20.0,-70.0
60,60000,1000,39.0,0.863,49.581,23650.0,24050.0,4080.0,-400.0,0.44,36.842,140.0,240.0,60.0,-100.0
61,61000,1000,31.0,0.856,49.652,23895.0,24230.0,4100.0,-335.0,0.445,57.647,245.0,180.0,20.0,65.0
62,62000,1000,29.0,0.848,49.551,24015.0,24450.0,4100.0,-435.0,0.34,35.294,120.0,220.0,0.0,-100.0
63,63000,1000,38.0,0.842,49.616,24255.0,24630.0,4170.0,-375.0,0.49,57.143,240.0,180.0,70.0,60.0
64,64000,1000,91.0,0.856,49.643,25020.0,25380.0,4410.0,-360.0,1.755,50.495,765.0,750.0,240.0,15.0
65,65000,1000,112.0,0.873,49.78,26000.0,26230.0,4530.0,-230.0,1.95,53.552,980.0,850.0,120.0,130.0
66,66000,1000,59.0,0.871,49.915,26410.0,26500.0,4560.0,-90.0,0.71,60.294,410.0,270.0,30.0,140.0
67,67000,1000,91.0,0.877,49.676,26870.0,27220.0,4670.0,-350.0,1.29,38.983,460.0,720.0,110.0,-260.0
68,68000,1000,92.0,0.886,49.689,27525.0,27870.0,4880.0,-345.0,1.515,50.192,655.0,650.0,210.0,5.0
69,69000,1000,32.0,0.88,49.611,27705.0,28140.0,4880.0,-435.0,0.45,40.0,180.0,270.0,0.0,-90.0
70,70000,1000,65.0,0.882,49.714,28245.0,28570.0,4960.0,-325.0,1.05,55.67,540.0,430.0,80.0,110.0
71,71000,1000,45.0,0.878,49.699,28465.0,28810.0,5050.0,-345.0,0.55,47.826,220.0,240.0,90.0,-20.0
72,72000,1000,90.0,0.891,50.055,29495.0,29430.0,5240.0,65.0,1.84,62.424,1030.0,620.0,190.0,410.0
73,73000,1000,53.0,0.889,50.034,29830.0,29790.0,5250.0,40.0,0.705,48.201,335.0,360.0,10.0,-25.0
74,74000,1000,42.0,0.885,50.021,30065.0,30040.0,5370.0,25.0,0.605,48.454,235.0,250.0,120.0,-15.0
75,75000,1000,79.0,0.888,49.996,30595.0,30600.0,5390.0,-5.0,1.11,48.624,530.0,560.0,20.0,-30.0
76,76000,1000,67.0,0.889,49.936,31050.0,31130.0,5420.0,-80.0,1.015,46.193,455.0,530.0,30.0,-75.0
77,77000,1000,13.0,0.88,49.96,31130.0,31180.0,5440.0,-50.0,0.15,61.538,80.0,50.0,20.0,30.0
78,78000,1000,94.0,0.889,49.965,31885.0,31930.0,5520.0,-45.0,1.585,50.166,755.0,750.0,80.0,5.0
79,79000,1000,44.0,0.888,50.027,32285.0,32250.0,5580.0,35.0,0.78,55.556,400.0,320.0,60.0,80.0
80,80000,1000,42.0,0.883,50.031,32550.0,32510.0,5600.0,40.0,0.545,50.476,265.0,260.0,20.0,5.0
81,81000,1000,61.0,0.883,50.148,33025.0,32830.0,5680.0,195.0,0.875,59.748,475.0,320.0,80.0,155.0
82,82000,1000,30.0,0.877,50.151,33220.0,33020.0,5700.0,200.0,0.405,50.649,195.0,190.0,20.0,5.0
83,83000,1000,59.0,0.879,50.127,33680.0,33510.0,5750.0,170.0,1.0,48.421,460.0,490.0,50.0,-30.0
84,84000,1000,56.0,0.878,50.11,34070.0,33920.0,5760.0,150.0,0.81,48.75,390.0,410.0,10.0,-20.0
85,85000,1000,45.0,0.875,50.146,34390.0,34190.0,5800.0,200.0,0.63,54.237,320.0,270.0,40.0,50.0
86,86000,1000,9.0,0.867,50.204,34490.0,34210.0,5830.0,280.0,0.15,83.333,100.0,20.0,30.0,80.0
87,87000,1000,91.0,0.872,50.186,35110.0,34850.0,5920.0,260.0,1.35,49.206,620.0,640.0,90.0,-20.0
88,88000,1000,47.0,0.871,50.283,35540.0,35140.0,5990.0,400.0,0.79,59.722,430.0,290.0,70.0,140.0
89,89000,1000,44.0,0.868,50.407,35900.0,35320.0,6050.0,580.0,0.6,66.667,360.0,180.0,60.0,180.0
90,90000,1000,65.0,0.871,50.249,36300.0,35940.0,6120.0,360.0,1.09,39.216,400.0,620.0,70.0,-220.0
91,91000,1000,32.0,0.866,50.299,36555.0,36120.0,6160.0,435.0,0.475,58.621,255.0,180.0,40.0,75.0
92,92000,1000,80.0,0.87,50.2,37005.0,36710.0,6280.0,295.0,1.16,43.269,450.0,590.0,120.0,-140.0
93,93000,1000,31.0,0.865,50.142,37180.0,36970.0,6290.0,210.0,0.445,40.23,175.0,260.0,10.0,-85.0
94,94000,1000,46.0,0.863,50.197,37525.0,37230.0,6340.0,295.0,0.655,57.025,345.0,260.0,50.0,85.0
95,95000,1000,51.0,0.862,50.182,37885.0,37610.0,6350.0,275.0,0.75,48.649,360.0,380.0,10.0,-20.0
96,96000,1000,29.0,0.856,50.162,38015.0,37770.0,6400.0,245.0,0.34,44.828,130.0,160.0,50.0,-30.0
97,97000,1000,66.0,0.858,50.248,38570.0,38190.0,6460.0,380.0,1.035,56.923,555.0,420.0,60.0,135.0
98,98000,1000,63.0,0.859,50.242,39005.0,38630.0,6570.0,375.0,0.985,49.714,435.0,440.0,110.0,-5.0
99,99000,1000,27.0,0.854,50.221,39185.0,38840.0,6570.0,345.0,0.39,46.154,180.0,210.0,0.0,-30.0
100,100000,1000,61.0,0.855,50.295,39645.0,39180.0,6650.0,465.0,0.88,57.5,460.0,340.0,80.0,120.0
