Session ID,Cumulative Games,Games Simulated in Session,Games Played in Session,Lifetime Avg Bet (Xbase),Lifetime winrate (W/L x(Base)),Lifetime Amount won (Xbase),Lifetime Amount loss (Xbase),Lifetime Amount push (Xbase),Lifetime Net Gain/Loss (Xbase),Session Avg Bet (Xbase),Session winrate (W/L x(Base)),Session Amount won (Xbase),Session Amount loss (Xbase),Session Amount push (Xbase),Session Net Gain/Loss (Xbase)
1,1000,1000,251.0,9.78,53.318,4660.0,4080.0,1040.0,580.0,9.78,53.318,4660.0,4080.0,1040.0,580.0
2,2000,1000,203.0,7.585,49.449,6730.0,6880.0,1560.0,-150.0,5.39,42.505,2070.0,2800.0,520.0,-730.0
3,3000,1000,294.0,8.142,50.375,11095.0,10930.0,2400.0,165.0,9.255,51.872,4365.0,4050.0,840.0,315.0
4,4000,1000,298.0,8.992,50.86,16560.0,16000.0,3410.0,560.0,11.545,51.875,5465.0,5070.0,1010.0,395.0
5,5000,1000,261.0,9.071,52.368,21615.0,19660.0,4080.0,1955.0,9.385,58.003,5055.0,3660.0,670.0,1395.0
6,6000,1000,243.0,9.688,52.42,27940.0,25360.0,4830.0,2580.0,12.775,52.599,6325.0,5700.0,750.0,625.0
7,7000,1000,403.0,10.561,50.702,34465.0,33510.0,5950.0,955.0,15.795,44.463,6525.0,8150.0,1120.0,-1625.0
8,8000,1000,248.0,10.382,49.681,37785.0,38270.0,7000.0,-485.0,9.13,41.089,3320.0,4760.0,1050.0,-1440.0
9,9000,1000,159.0,9.734,49.991,40105.0,40120.0,7380.0,-15.0,4.55,55.635,2320.0,1850.0,380.0,470.0
10,10000,1000,199.0,9.685,51.219,45390.0,43230.0,8230.0,2160.0,9.245,62.954,5285.0,3110.0,850.0,2175.0
11,11000,1000,204.0,9.304,51.126,47910.0,45800.0,8630.0,2110.0,5.49,49.509,2520.0,2570.0,400.0,-50.0
12,12000,1000,307.0,9.618,50.525,53460.0,52350.0,9610.0,1110.0,13.08,45.868,5550.0,6550.0,980.0,-1000.0
13,13000,1000,184.0,9.386,50.717,56785.0,55180.0,10050.0,1605.0,6.595,54.021,3325.0,2830.0,440.0,495.0
14,14000,1000,215.0,9.354,50.433,60580.0,59540.0,10830.0,1040.0,8.935,46.536,3795.0,4360.0,780.0,-565.0
15,15000,1000,220.0,9.31,50.565,64695.0,63250.0,11710.0,1445.0,8.705,52.588,4115.0,3710.0,880.0,405.0
16,16000,1000,229.0,9.207,50.53,68130.0,66700.0,12480.0,1430.0,7.655,49.891,3435.0,3450.0,770.0,-15.0
17,17000,1000,249.0,9.272,50.81,73195.0,70860.0,13570.0,2335.0,10.315,54.905,5065.0,4160.0,1090.0,905.0
18,18000,1000,274.0,9.501,49.946,77960.0,78130.0,14920.0,-170.0,13.385,39.593,4765.0,7270.0,1350.0,-2505.0
19,19000,1000,287.0,9.728,50.222,84720.0,83970.0,16140.0,750.0,13.82,53.651,6760.0,5840.0,1220.0,920.0
20,20000,1000,216.0,9.591,50.414,88190.0,86740.0,16890.0,1450.0,6.99,55.609,3470.0,2770.0,750.0,700.0
21,21000,1000,251.0,9.533,50.565,92260.0,90200.0,17730.0,2060.0,8.37,54.05,4070.0,3460.0,840.0,610.0
22,22000,1000,249.0,9.574,50.264,96705.0,95690.0,18240.0,1015.0,10.445,44.741,4445.0,5490.0,510.0,-1045.0
23,23000,1000,336.0,9.732,50.311,103095.0,101820.0,18910.0,1275.0,13.19,51.038,6390.0,6130.0,670.0,260.0
24,24000,1000,304.0,9.875,50.052,108275.0,108050.0,20670.0,225.0,13.17,45.399,5180.0,6230.0,1760.0,-1050.0
25,25000,1000,314.0,10.004,50.119,114505.0,113960.0,21630.0,545.0,13.1,51.318,6230.0,5910.0,960.0,320.0
26,26000,1000,208.0,9.939,50.049,118220.0,117990.0,22200.0,230.0,8.315,47.966,3715.0,4030.0,570.0,-315.0
27,27000,1000,197.0,9.874,50.078,122130.0,121750.0,22720.0,380.0,8.19,50.978,3910.0,3760.0,520.0,150.0
28,28000,1000,283.0,9.877,49.985,126505.0,126580.0,23460.0,-75.0,9.945,47.529,4375.0,4830.0,740.0,-455.0
29,29000,1000,396.0,10.023,50.065,133385.0,133040.0,24240.0,345.0,14.12,51.574,6880.0,6460.0,780.0,420.0
30,30000,1000,291.0,10.127,50.139,139330.0,138560.0,25930.0,770.0,13.155,51.853,5945.0,5520.0,1690.0,425.0
31,31000,1000,304.0,10.145,49.857,143405.0,144230.0,26850.0,-825.0,10.665,41.816,4075.0,5670.0,920.0,-1595.0
32,32000,1000,241.0,10.109,49.682,147020.0,148900.0,27570.0,-1880.0,9.005,43.633,3615.0,4670.0,720.0,-1055.0
33,33000,1000,224.0,10.085,49.553,150890.0,153610.0,28310.0,-2720.0,9.32,45.105,3870.0,4710.0,740.0,-840.0
34,34000,1000,263.0,10.102,49.643,156125.0,158370.0,28970.0,-2245.0,10.655,52.376,5235.0,4760.0,660.0,475.0
35,35000,1000,252.0,10.15,49.659,161285.0,163500.0,30460.0,-2215.0,11.78,50.146,5160.0,5130.0,1490.0,30.0
36,36000,1000,230.0,10.089,49.697,165050.0,167060.0,31090.0,-2010.0,7.955,51.399,3765.0,3560.0,630.0,205.0
37,37000,1000,222.0,10.024,49.656,168410.0,170740.0,31730.0,-2330.0,7.68,47.727,3360.0,3680.0,640.0,-320.0
38,38000,1000,262.0,10.024,49.463,172395.0,176140.0,32390.0,-3745.0,10.045,42.461,3985.0,5400.0,660.0,-1415.0
39,39000,1000,403.0,10.264,49.449,180870.0,184900.0,34530.0,-4030.0,19.375,49.173,8475.0,8760.0,2140.0,-285.0
40,40000,1000,273.0,10.371,49.486,187315.0,191210.0,36330.0,-3895.0,14.555,50.529,6445.0,6310.0,1800.0,135.0
41,41000,1000,318.0,10.413,49.599,193225.0,196350.0,37370.0,-3125.0,12.09,53.484,5910.0,5140.0,1040.0,770.0
42,42000,1000,275.0,10.429,49.608,198165.0,201300.0,38540.0,-3135.0,11.06,49.949,4940.0,4950.0,1170.0,-10.0
43,43000,1000,275.0,10.404,49.697,202850.0,205320.0,39200.0,-2470.0,9.365,53.82,4685.0,4020.0,660.0,665.0
44,44000,1000,250.0,10.368,49.64,206565.0,209560.0,40060.0,-2995.0,8.815,46.7,3715.0,4240.0,860.0,-525.0
45,45000,1000,192.0,10.291,49.745,210205.0,212360.0,40530.0,-2155.0,6.91,56.522,3640.0,2800.0,470.0,840.0
46,46000,1000,285.0,10.287,49.8,215050.0,216780.0,41350.0,-1730.0,10.085,52.294,4845.0,4420.0,820.0,425.0
47,47000,1000,234.0,10.233,49.876,218905.0,219990.0,42070.0,-1085.0,7.785,54.565,3855.0,3210.0,720.0,645.0
48,48000,1000,289.0,10.277,49.924,224820.0,225500.0,43000.0,-680.0,12.355,51.772,5915.0,5510.0,930.0,405.0
49,49000,1000,413.0,10.453,49.912,233325.0,234150.0,44720.0,-825.0,18.875,49.577,8505.0,8650.0,1720.0,-145.0
50,50000,1000,194.0,10.361,49.949,236140.0,236620.0,45310.0,-480.0,5.875,53.264,2815.0,2470.0,590.0,345.0
51,51000,1000,243.0,10.361,49.978,241215.0,241430.0,45770.0,-215.0,10.345,51.34,5075.0,4810.0,460.0,265.0
52,52000,1000,250.0,10.358,50.091,246620.0,245720.0,46290.0,900.0,10.215,55.75,5405.0,4290.0,520.0,1115.0
53,53000,1000,312.0,10.359,50.144,251705.0,250260.0,47070.0,1445.0,10.405,52.831,5085.0,4540.0,780.0,545.0
54,54000,1000,311.0,10.397,50.187,257530.0,255610.0,48290.0,1920.0,12.395,52.125,5825.0,5350.0,1220.0,475.0
55,55000,1000,195.0,10.354,50.147,260795.0,259270.0,49380.0,1525.0,8.015,47.148,3265.0,3660.0,1090.0,-395.0
56,56000,1000,267.0,10.307,50.125,264075.0,262760.0,50370.0,1315.0,7.76,48.449,3280.0,3490.0,990.0,-210.0
57,57000,1000,260.0,10.31,50.096,268695.0,267670.0,51330.0,1025.0,10.49,48.478,4620.0,4910.0,960.0,-290.0
58,58000,1000,265.0,10.28,50.06,272565.0,271910.0,51740.0,655.0,8.52,47.719,3870.0,4240.0,410.0,-370.0
59,59000,1000,237.0,10.253,50.034,276365.0,275990.0,52600.0,375.0,8.74,48.223,3800.0,4080.0,860.0,-280.0
60,60000,1000,210.0,10.244,50.073,281090.0,280270.0,53290.0,820.0,9.695,52.471,4725.0,4280.0,690.0,445.0
61,61000,1000,236.0,10.218,50.162,285570.0,283730.0,54000.0,1840.0,8.65,56.423,4480.0,3460.0,710.0,1020.0
62,62000,1000,260.0,10.202,50.094,289465.0,288380.0,54650.0,1085.0,9.195,45.582,3895.0,4650.0,650.0,-755.0
63,63000,1000,299.0,10.271,50.198,296730.0,294390.0,55940.0,2340.0,14.565,54.727,7265.0,6010.0,1290.0,1255.0
64,64000,1000,280.0,10.301,50.236,302710.0,299870.0,56700.0,2840.0,12.22,52.182,5980.0,5480.0,760.0,500.0
65,65000,1000,243.0,10.251,50.183,305645.0,303410.0,57260.0,2235.0,7.035,45.328,2935.0,3540.0,560.0,-605.0
66,66000,1000,264.0,10.251,50.179,310410.0,308190.0,57990.0,2220.0,10.275,49.921,4765.0,4780.0,730.0,-15.0
67,67000,1000,271.0,10.24,50.216,314985.0,312270.0,58810.0,2715.0,9.475,52.86,4575.0,4080.0,820.0,495.0
68,68000,1000,322.0,10.254,50.224,320280.0,317420.0,59600.0,2860.0,11.235,50.694,5295.0,5150.0,790.0,145.0
69,69000,1000,350.0,10.305,50.166,326285.0,324120.0,60640.0,2165.0,13.745,47.265,6005.0,6700.0,1040.0,-695.0
70,70000,1000,317.0,10.323,50.116,331320.0,329780.0,61510.0,1540.0,11.565,47.078,5035.0,5660.0,870.0,-625.0
71,71000,1000,323.0,10.334,50.12,336315.0,334710.0,62670.0,1605.0,11.085,50.327,4995.0,4930.0,1160.0,65.0
72,72000,1000,199.0,10.311,50.095,340355.0,339070.0,62960.0,1285.0,8.69,48.095,4040.0,4360.0,290.0,-320.0
73,73000,1000,369.0,10.41,50.073,348320.0,347300.0,64290.0,1020.0,17.525,49.182,7965.0,8230.0,1330.0,-265.0
74,74000,1000,254.0,10.383,50.091,352470.0,351190.0,64670.0,1280.0,8.42,51.617,4150.0,3890.0,380.0,260.0
75,75000,1000,285.0,10.417,50.05,357980.0,357270.0,66030.0,710.0,12.95,47.541,5510.0,6080.0,1360.0,-570.0
76,76000,1000,254.0,10.394,50.023,361790.0,361460.0,66710.0,330.0,8.68,47.625,3810.0,4190.0,680.0,-380.0
77,77000,1000,251.0,10.415,50.045,367400.0,366740.0,67820.0,660.0,12.0,51.515,5610.0,5280.0,1110.0,330.0
78,78000,1000,308.0,10.461,50.038,373655.0,373090.0,69200.0,565.0,13.985,49.623,6255.0,6350.0,1380.0,-95.0
79,79000,1000,252.0,10.411,50.0,376365.0,376360.0,69730.0,5.0,6.51,45.318,2710.0,3270.0,530.0,-560.0
80,80000,1000,180.0,10.399,49.962,380325.0,380910.0,70660.0,-585.0,9.44,46.533,3960.0,4550.0,930.0,-590.0
81,81000,1000,166.0,10.377,49.963,384565.0,385140.0,70870.0,-575.0,8.68,50.059,4240.0,4230.0,210.0,10.0
82,82000,1000,255.0,10.4,50.146,391475.0,389200.0,72130.0,2275.0,12.23,62.99,6910.0,4060.0,1260.0,2850.0
83,83000,1000,278.0,10.415,50.219,397595.0,394130.0,72730.0,3465.0,11.65,55.385,6120.0,4930.0,600.0,1190.0
84,84000,1000,248.0,10.421,50.141,402080.0,399820.0,73480.0,2260.0,10.925,44.079,4485.0,5690.0,750.0,-1205.0
85,85000,1000,381.0,10.496,50.232,410405.0,406610.0,75110.0,3795.0,16.745,55.078,8325.0,6790.0,1630.0,1535.0
86,86000,1000,167.0,10.46,50.195,413605.0,410390.0,75590.0,3215.0,7.46,45.845,3200.0,3780.0,480.0,-580.0
87,87000,1000,240.0,10.433,50.271,417670.0,413160.0,76800.0,4510.0,8.045,59.473,4065.0,2770.0,1210.0,1295.0
88,88000,1000,243.0,10.409,50.242,421345.0,417290.0,77390.0,4055.0,8.395,47.085,3675.0,4130.0,590.0,-455.0
89,89000,1000,312.0,10.445,50.188,426985.0,423790.0,78860.0,3195.0,13.61,46.458,5640.0,6500.0,1470.0,-860.0
90,90000,1000,229.0,10.414,50.202,430750.0,427280.0,79240.0,3470.0,7.635,51.895,3765.0,3490.0,380.0,275.0
91,91000,1000,199.0,10.377,50.227,434240.0,430320.0,79710.0,3920.0,7.0,53.446,3490.0,3040.0,470.0,450.0
92,92000,1000,285.0,10.379,50.229,438990.0,434980.0,80940.0,4010.0,10.64,50.478,4750.0,4660.0,1230.0,90.0
93,93000,1000,285.0,10.402,50.226,444785.0,440780.0,81830.0,4005.0,12.485,49.978,5795.0,5800.0,890.0,-5.0
94,94000,1000,249.0,10.409,50.179,449465.0,446260.0,82720.0,3205.0,11.05,46.063,4680.0,5480.0,890.0,-800.0
95,95000,1000,257.0,10.399,50.232,454120.0,449930.0,83840.0,4190.0,9.445,55.916,4655.0,3670.0,1120.0,985.0
96,96000,1000,452.0,10.499,50.324,464405.0,458420.0,85070.0,5985.0,20.005,54.78,10285.0,8490.0,1230.0,1795.0
97,97000,1000,285.0,10.538,50.364,471395.0,464580.0,86200.0,6815.0,14.28,53.156,6990.0,6160.0,1130.0,830.0
98,98000,1000,220.0,10.541,50.271,475620.0,470500.0,86900.0,5120.0,10.845,41.646,4225.0,5920.0,700.0,-1695.0
99,99000,1000,213.0,10.508,50.252,478800.0,474000.0,87450.0,4800.0,7.23,47.605,3180.0,3500.0,550.0,-320.0
100,100000,1000,284.0,10.523,50.189,483690.0,480040.0,88540.0,3650.0,12.02,44.739,4890.0,6040.0,1090.0,-1150.0
