Session ID,Cumulative Games,Games Simulated in Session,Games Played in Session,Lifetime Avg Bet (Xbase),Lifetime winrate (W/L x(Base)),Lifetime Amount won (Xbase),Lifetime Amount loss (Xbase),Lifetime Amount push (Xbase),Lifetime Net Gain/Loss (Xbase),Session Avg Bet (Xbase),Session winrate (W/L x(Base)),Session Amount won (Xbase),Session Amount loss (Xbase),Session Amount push (Xbase),Session Net Gain/Loss (Xbase)
1,1000,1000,127.0,2.67,56.25,1440.0,1120.0,110.0,320.0,2.67,56.25,1440.0,1120.0,110.0,320.0
2,2000,1000,167.0,3.228,49.959,3045.0,3050.0,360.0,-5.0,3.785,45.403,1605.0,1930.0,250.0,-325.0
3,3000,1000,107.0,2.822,48.433,3785.0,4030.0,650.0,-245.0,2.01,43.023,740.0,980.0,290.0,-240.0
4,4000,1000,174.0,3.248,49.414,5900.0,6040.0,1050.0,-140.0,4.525,51.273,2115.0,2010.0,400.0,105.0
5,5000,1000,140.0,3.351,50.767,7775.0,7540.0,1440.0,235.0,3.765,55.556,1875.0,1500.0,390.0,375.0
6,6000,1000,110.0,3.16,51.358,8890.0,8420.0,1650.0,470.0,2.205,55.89,1115.0,880.0,210.0,235.0
7,7000,1000,115.0,3.135,51.655,10375.0,9710.0,1860.0,665.0,2.985,53.514,1485.0,1290.0,210.0,195.0
8,8000,1000,175.0,3.293,52.16,12615.0,11570.0,2160.0,1045.0,4.4,54.634,2240.0,1860.0,300.0,380.0
9,9000,1000,179.0,3.392,51.048,14370.0,13780.0,2380.0,590.0,4.185,44.262,1755.0,2210.0,220.0,-455.0
10,10000,1000,183.0,3.61,51.852,17220.0,15990.0,2890.0,1230.0,5.57,56.324,2850.0,2210.0,510.0,640.0
11,11000,1000,273.0,3.955,50.805,20355.0,19710.0,3440.0,645.0,7.405,45.733,3135.0,3720.0,550.0,-585.0
12,12000,1000,133.0,3.846,50.84,21635.0,20920.0,3600.0,715.0,2.65,51.406,1280.0,1210.0,160.0,70.0
13,13000,1000,172.0,3.856,51.587,23805.0,22340.0,3980.0,1465.0,3.97,60.446,2170.0,1420.0,380.0,750.0
14,14000,1000,88.0,3.761,51.444,24930.0,23530.0,4200.0,1400.0,2.535,48.596,1125.0,1190.0,220.0,-65.0
15,15000,1000,139.0,3.708,51.148,26185.0,25010.0,4420.0,1175.0,2.955,45.887,1255.0,1480.0,220.0,-225.0
16,16000,1000,231.0,3.86,51.244,29135.0,27720.0,4900.0,1415.0,6.14,52.12,2950.0,2710.0,480.0,240.0
17,17000,1000,243.0,3.945,51.193,31530.0,30060.0,5470.0,1470.0,5.305,50.581,2395.0,2340.0,570.0,55.0
18,18000,1000,95.0,3.833,51.287,32480.0,30850.0,5660.0,1630.0,1.93,54.598,950.0,790.0,190.0,160.0
19,19000,1000,182.0,3.839,51.321,34390.0,32620.0,5930.0,1770.0,3.95,51.902,1910.0,1770.0,270.0,140.0
20,20000,1000,184.0,3.879,51.51,36595.0,34450.0,6540.0,2145.0,4.645,54.647,2205.0,1830.0,610.0,375.0
21,21000,1000,190.0,3.924,51.555,38960.0,36610.0,6840.0,2350.0,4.825,52.265,2365.0,2160.0,300.0,205.0
22,22000,1000,169.0,3.904,51.66,40695.0,38080.0,7110.0,2615.0,3.475,54.134,1735.0,1470.0,270.0,265.0
23,23000,1000,167.0,3.888,51.255,42050.0,39990.0,7390.0,2060.0,3.545,41.501,1355.0,1910.0,280.0,-555.0
24,24000,1000,123.0,3.844,51.279,43415.0,41250.0,7600.0,2165.0,2.835,52.0,1365.0,1260.0,210.0,105.0
25,25000,1000,150.0,3.834,51.209,45100.0,42970.0,7770.0,2130.0,3.575,49.486,1685.0,1720.0,170.0,-35.0
26,26000,1000,189.0,3.861,51.451,47415.0,44740.0,8220.0,2675.0,4.535,56.671,2315.0,1770.0,450.0,545.0
27,27000,1000,166.0,3.871,51.575,49515.0,46490.0,8500.0,3025.0,4.13,54.545,2100.0,1750.0,280.0,350.0
28,28000,1000,212.0,3.922,51.692,52080.0,48670.0,9080.0,3410.0,5.325,54.057,2565.0,2180.0,580.0,385.0
29,29000,1000,171.0,3.948,51.408,54040.0,51080.0,9380.0,2960.0,4.67,44.851,1960.0,2410.0,300.0,-450.0
30,30000,1000,219.0,3.978,51.298,56130.0,53290.0,9930.0,2840.0,4.85,48.605,2090.0,2210.0,550.0,-120.0
31,31000,1000,136.0,3.95,51.619,57935.0,54300.0,10210.0,3635.0,3.095,64.121,1805.0,1010.0,280.0,795.0
32,32000,1000,251.0,4.052,51.488,61070.0,57540.0,11040.0,3530.0,7.205,49.176,3135.0,3240.0,830.0,-105.0
33,33000,1000,203.0,4.108,51.733,64170.0,59870.0,11520.0,4300.0,5.91,57.09,3100.0,2330.0,480.0,770.0
34,34000,1000,157.0,4.091,51.558,65670.0,61700.0,11730.0,3970.0,3.54,45.045,1500.0,1830.0,210.0,-330.0
35,35000,1000,151.0,4.064,51.634,67300.0,63040.0,11890.0,4260.0,3.13,54.882,1630.0,1340.0,160.0,290.0
36,36000,1000,240.0,4.144,51.648,70680.0,66170.0,12350.0,4510.0,6.97,51.92,3380.0,3130.0,460.0,250.0
37,37000,1000,199.0,4.183,51.686,73515.0,68720.0,12550.0,4795.0,5.585,52.646,2835.0,2550.0,200.0,285.0
38,38000,1000,145.0,4.141,51.586,74585.0,70000.0,12790.0,4585.0,2.59,45.532,1070.0,1280.0,240.0,-210.0
39,39000,1000,132.0,4.125,51.646,76345.0,71480.0,13060.0,4865.0,3.51,54.321,1760.0,1480.0,270.0,280.0
40,40000,1000,136.0,4.095,51.583,77560.0,72800.0,13420.0,4760.0,2.895,47.929,1215.0,1320.0,360.0,-105.0
41,41000,1000,170.0,4.089,51.608,79505.0,74550.0,13600.0,4955.0,3.875,52.639,1945.0,1750.0,180.0,195.0
42,42000,1000,120.0,4.088,51.678,81470.0,76180.0,14060.0,5290.0,4.055,54.659,1965.0,1630.0,460.0,335.0
43,43000,1000,199.0,4.092,51.67,83465.0,78070.0,14410.0,5395.0,4.235,51.351,1995.0,1890.0,350.0,105.0
44,44000,1000,137.0,4.064,51.503,84555.0,79620.0,14640.0,4935.0,2.87,41.288,1090.0,1550.0,230.0,-460.0
45,45000,1000,139.0,4.034,51.411,85705.0,81000.0,14810.0,4705.0,2.7,45.455,1150.0,1380.0,170.0,-230.0
46,46000,1000,148.0,4.002,51.437,86970.0,82110.0,15030.0,4860.0,2.595,53.263,1265.0,1110.0,220.0,155.0
47,47000,1000,85.0,3.956,51.432,87820.0,82930.0,15200.0,4890.0,1.84,50.898,850.0,820.0,170.0,30.0
48,48000,1000,188.0,3.972,51.349,89945.0,85220.0,15510.0,4725.0,4.725,48.131,2125.0,2290.0,310.0,-165.0
49,49000,1000,131.0,3.942,51.394,91125.0,86180.0,15870.0,4945.0,2.5,55.14,1180.0,960.0,360.0,220.0
50,50000,1000,177.0,3.953,51.586,93445.0,87700.0,16520.0,5745.0,4.49,60.417,2320.0,1520.0,650.0,800.0
51,51000,1000,135.0,3.94,51.453,94785.0,89430.0,16750.0,5355.0,3.3,43.648,1340.0,1730.0,230.0,-390.0
52,52000,1000,131.0,3.909,51.363,95690.0,90610.0,16950.0,5080.0,2.285,43.405,905.0,1180.0,200.0,-275.0
53,53000,1000,143.0,3.897,51.422,97385.0,92000.0,17180.0,5385.0,3.315,54.943,1695.0,1390.0,230.0,305.0
54,54000,1000,164.0,3.911,51.356,99495.0,94240.0,17450.0,5255.0,4.62,48.506,2110.0,2240.0,270.0,-130.0
55,55000,1000,240.0,3.952,51.38,102580.0,97070.0,17730.0,5510.0,6.195,52.156,3085.0,2830.0,280.0,255.0
56,56000,1000,177.0,3.96,51.381,104665.0,99040.0,18080.0,5625.0,4.405,51.418,2085.0,1970.0,350.0,115.0
57,57000,1000,149.0,3.952,51.349,106230.0,100650.0,18360.0,5580.0,3.455,49.291,1565.0,1610.0,280.0,-45.0
58,58000,1000,160.0,3.942,51.467,108050.0,101890.0,18680.0,6160.0,3.38,59.477,1820.0,1240.0,320.0,580.0
59,59000,1000,112.0,3.922,51.464,109340.0,103120.0,18910.0,6220.0,2.75,51.19,1290.0,1230.0,230.0,60.0
60,60000,1000,112.0,3.89,51.566,110490.0,103780.0,19140.0,6710.0,2.04,63.536,1150.0,660.0,230.0,490.0
61,61000,1000,184.0,3.9,51.479,112335.0,105880.0,19680.0,6455.0,4.485,46.768,1845.0,2100.0,540.0,-255.0
62,62000,1000,152.0,3.897,51.498,114065.0,107430.0,20110.0,6635.0,3.71,52.744,1730.0,1550.0,430.0,180.0
63,63000,1000,196.0,3.918,51.48,116455.0,109760.0,20590.0,6695.0,5.2,50.636,2390.0,2330.0,480.0,60.0
64,64000,1000,108.0,3.884,51.494,117305.0,110500.0,20780.0,6805.0,1.78,53.459,850.0,740.0,190.0,110.0
65,65000,1000,118.0,3.864,51.454,118370.0,111680.0,21090.0,6690.0,2.555,47.439,1065.0,1180.0,310.0,-115.0
66,66000,1000,185.0,3.883,51.382,120630.0,114140.0,21520.0,6490.0,5.15,47.881,2260.0,2460.0,430.0,-200.0
67,67000,1000,252.0,3.921,51.342,123540.0,117080.0,22120.0,6460.0,6.45,49.744,2910.0,2940.0,600.0,-30.0
68,68000,1000,147.0,3.921,51.274,125140.0,118920.0,22540.0,6220.0,3.86,46.512,1600.0,1840.0,420.0,-240.0
69,69000,1000,161.0,3.921,51.282,127030.0,120680.0,22820.0,6350.0,3.93,51.781,1890.0,1760.0,280.0,130.0
70,70000,1000,173.0,3.922,51.236,128870.0,122650.0,23050.0,6220.0,4.04,48.294,1840.0,1970.0,230.0,-130.0
71,71000,1000,90.0,3.906,51.23,130140.0,123890.0,23270.0,6250.0,2.73,50.598,1270.0,1240.0,220.0,30.0
72,72000,1000,234.0,3.933,51.207,132950.0,126680.0,23530.0,6270.0,5.86,50.179,2810.0,2790.0,260.0,20.0
73,73000,1000,180.0,3.936,51.215,134920.0,128520.0,23870.0,6400.0,4.15,51.706,1970.0,1840.0,340.0,130.0
74,74000,1000,192.0,3.947,51.179,136930.0,130620.0,24500.0,6310.0,4.74,48.905,2010.0,2100.0,630.0,-90.0
75,75000,1000,238.0,3.977,51.083,139620.0,133700.0,24940.0,5920.0,6.21,46.62,2690.0,3080.0,440.0,-390.0
76,76000,1000,217.0,3.997,51.085,142085.0,136050.0,25640.0,6035.0,5.515,51.194,2465.0,2350.0,700.0,115.0
77,77000,1000,170.0,4.002,51.001,143950.0,138300.0,25920.0,5650.0,4.395,45.322,1865.0,2250.0,280.0,-385.0
78,78000,1000,174.0,4.02,50.952,146380.0,140910.0,26270.0,5470.0,5.39,48.214,2430.0,2610.0,350.0,-180.0
79,79000,1000,213.0,4.044,50.982,149335.0,143580.0,26590.0,5755.0,5.945,52.533,2955.0,2670.0,320.0,285.0
80,80000,1000,183.0,4.055,50.886,151245.0,145980.0,27180.0,5265.0,4.9,44.316,1910.0,2400.0,590.0,-490.0
81,81000,1000,163.0,4.053,50.878,153060.0,147780.0,27430.0,5280.0,3.865,50.207,1815.0,1800.0,250.0,15.0
82,82000,1000,112.0,4.039,50.819,154220.0,149250.0,27710.0,4970.0,2.91,44.106,1160.0,1470.0,280.0,-310.0
83,83000,1000,221.0,4.056,50.892,157025.0,151520.0,28120.0,5505.0,5.485,55.271,2805.0,2270.0,410.0,535.0
84,84000,1000,190.0,4.066,50.961,159540.0,153520.0,28470.0,6020.0,4.865,55.703,2515.0,2000.0,350.0,515.0
85,85000,1000,105.0,4.039,50.975,160435.0,154300.0,28610.0,6135.0,1.815,53.433,895.0,780.0,140.0,115.0
86,86000,1000,86.0,4.015,50.994,161435.0,155140.0,28730.0,6295.0,1.96,54.348,1000.0,840.0,120.0,160.0
87,87000,1000,184.0,4.036,50.933,163990.0,157980.0,29130.0,6010.0,5.795,47.359,2555.0,2840.0,400.0,-285.0
88,88000,1000,115.0,4.022,50.958,165485.0,159260.0,29200.0,6225.0,2.845,53.874,1495.0,1280.0,70.0,215.0
89,89000,1000,138.0,4.02,50.961,167310.0,161000.0,29460.0,6310.0,3.825,51.192,1825.0,1740.0,260.0,85.0
90,90000,1000,179.0,4.025,51.017,169510.0,162750.0,29960.0,6760.0,4.45,55.696,2200.0,1750.0,500.0,450.0
91,91000,1000,239.0,4.051,50.956,172245.0,165780.0,30650.0,6465.0,6.455,47.441,2735.0,3030.0,690.0,-295.0
92,92000,1000,132.0,4.036,50.966,173580.0,167000.0,30770.0,6580.0,2.675,52.25,1335.0,1220.0,120.0,115.0
93,93000,1000,161.0,4.028,51.042,175360.0,168200.0,31090.0,7160.0,3.3,59.732,1780.0,1200.0,320.0,580.0
94,94000,1000,141.0,4.034,50.893,177005.0,170790.0,31380.0,6215.0,4.525,38.843,1645.0,2590.0,290.0,-945.0
95,95000,1000,212.0,4.045,50.887,179375.0,173120.0,31810.0,6255.0,5.13,50.426,2370.0,2330.0,430.0,40.0
96,96000,1000,229.0,4.065,50.849,182050.0,175970.0,32210.0,6080.0,5.925,48.416,2675.0,2850.0,400.0,-175.0
97,97000,1000,119.0,4.048,50.872,183280.0,177000.0,32390.0,6280.0,2.44,54.425,1230.0,1030.0,180.0,200.0
98,98000,1000,223.0,4.077,50.961,186930.0,179880.0,32710.0,7050.0,6.85,55.896,3650.0,2880.0,320.0,770.0
99,99000,1000,207.0,4.095,50.872,189475.0,182980.0,32960.0,6495.0,5.895,45.084,2545.0,3100.0,250.0,-555.0
100,100000,1000,162.0,4.085,50.818,190740.0,184600.0,33190.0,6140.0,3.115,43.847,1265.0,1620.0,230.0,-355.0
