Session ID,Cumulative Games,Games Simulated in Session,Games Played in Session,Lifetime Avg Bet (Xbase),Lifetime winrate (W/L x(Base)),Lifetime Amount won (Xbase),Lifetime Amount loss (Xbase),Lifetime Amount push (Xbase),Lifetime Net Gain/Loss (Xbase),Session Avg Bet (Xbase),Session winrate (W/L x(Base)),Session Amount won (Xbase),Session Amount loss (Xbase),Session Amount push (Xbase),Session Net Gain/Loss (Xbase)
1,1000,1000,545.0,38.13,51.566,18440.0,17320.0,2370.0,1120.0,38.13,51.566,18440.0,17320.0,2370.0,1120.0
2,2000,1000,539.0,36.565,51.652,34540.0,32330.0,6260.0,2210.0,35.0,51.752,16100.0,15010.0,3890.0,1090.0
3,3000,1000,495.0,36.713,50.891,51390.0,49590.0,9160.0,1800.0,37.01,49.399,16850.0,17260.0,2900.0,-410.0
4,4000,1000,639.0,39.2,49.308,70910.0,72900.0,12990.0,-1990.0,46.66,45.576,19520.0,23310.0,3830.0,-3790.0
5,5000,1000,528.0,38.566,48.861,86240.0,90260.0,16330.0,-4020.0,36.03,46.895,15330.0,17360.0,3340.0,-2030.0
6,6000,1000,560.0,38.73,48.554,102940.0,109070.0,20370.0,-6130.0,39.55,47.029,16700.0,18810.0,4040.0,-2110.0
7,7000,1000,531.0,38.489,48.772,120005.0,126050.0,23370.0,-6045.0,37.045,50.125,17065.0,16980.0,3000.0,85.0
8,8000,1000,529.0,38.385,48.048,134640.0,145580.0,26860.0,-10940.0,37.655,42.836,14635.0,19530.0,3490.0,-4895.0
9,9000,1000,518.0,37.971,47.39,148250.0,164580.0,28910.0,-16330.0,34.66,41.736,13610.0,19000.0,2050.0,-5390.0
10,10000,1000,478.0,37.385,47.243,161850.0,180740.0,31260.0,-18890.0,32.11,45.699,13600.0,16160.0,2350.0,-2560.0
11,11000,1000,634.0,37.491,47.381,179025.0,198820.0,34560.0,-19795.0,38.555,48.716,17175.0,18080.0,3300.0,-905.0
12,12000,1000,608.0,37.648,47.693,197080.0,216150.0,38550.0,-19070.0,39.375,51.024,18055.0,17330.0,3990.0,725.0
13,13000,1000,554.0,37.674,47.523,213160.0,235380.0,41220.0,-22220.0,37.98,45.54,16080.0,19230.0,2670.0,-3150.0
14,14000,1000,440.0,37.04,47.31,224585.0,250120.0,43860.0,-25535.0,28.805,43.665,11425.0,14740.0,2640.0,-3315.0
15,15000,1000,579.0,37.156,47.41,241935.0,268370.0,47040.0,-26435.0,38.78,48.736,17350.0,18250.0,3180.0,-900.0
16,16000,1000,528.0,37.334,47.383,259370.0,288020.0,49960.0,-28650.0,40.005,47.014,17435.0,19650.0,2920.0,-2215.0
17,17000,1000,619.0,37.495,47.443,277190.0,307070.0,53150.0,-29880.0,40.06,48.332,17820.0,19050.0,3190.0,-1230.0
18,18000,1000,649.0,37.842,47.738,298430.0,326710.0,56020.0,-28280.0,43.75,51.957,21240.0,19640.0,2870.0,1600.0
19,19000,1000,550.0,37.918,48.0,317435.0,343890.0,59110.0,-26455.0,39.275,52.522,19005.0,17180.0,3090.0,1825.0
20,20000,1000,535.0,37.797,48.052,332940.0,359940.0,63060.0,-27000.0,35.505,49.136,15505.0,16050.0,3950.0,-545.0
21,21000,1000,568.0,37.633,47.981,347735.0,377000.0,65560.0,-29265.0,34.355,46.445,14795.0,17060.0,2500.0,-2265.0
22,22000,1000,502.0,37.486,47.903,362505.0,394250.0,67940.0,-31745.0,34.4,46.127,14770.0,17250.0,2380.0,-2480.0
23,23000,1000,553.0,37.399,48.007,378370.0,409790.0,72020.0,-31420.0,35.485,50.517,15865.0,15540.0,4080.0,325.0
24,24000,1000,537.0,37.542,48.212,397745.0,427250.0,76020.0,-29505.0,40.835,52.599,19375.0,17460.0,4000.0,1915.0
25,25000,1000,438.0,37.118,48.012,407785.0,441550.0,78610.0,-33765.0,26.93,41.249,10040.0,14300.0,2590.0,-4260.0
26,26000,1000,551.0,37.202,48.172,426820.0,459210.0,81230.0,-32390.0,39.315,51.874,19035.0,17660.0,2620.0,1375.0
27,27000,1000,676.0,37.515,48.366,449310.0,479660.0,83940.0,-30350.0,45.65,52.375,22490.0,20450.0,2710.0,2040.0
28,28000,1000,577.0,37.639,48.388,468070.0,499250.0,86580.0,-31180.0,40.99,48.918,18760.0,19590.0,2640.0,-830.0
29,29000,1000,475.0,37.481,48.372,482305.0,514760.0,89880.0,-32455.0,33.045,47.857,14235.0,15510.0,3300.0,-1275.0
30,30000,1000,606.0,37.531,48.386,499740.0,533070.0,93120.0,-33330.0,38.985,48.776,17435.0,18310.0,3240.0,-875.0
31,31000,1000,625.0,37.626,48.49,518910.0,551220.0,96290.0,-32310.0,40.49,51.367,19170.0,18150.0,3170.0,1020.0
32,32000,1000,653.0,37.827,48.614,539580.0,570340.0,100550.0,-30760.0,44.05,51.948,20670.0,19120.0,4260.0,1550.0
33,33000,1000,614.0,37.912,48.779,559445.0,587450.0,104210.0,-28005.0,40.635,53.725,19865.0,17110.0,3660.0,2755.0
34,34000,1000,575.0,38.0,48.748,577460.0,607130.0,107400.0,-29670.0,40.885,47.791,18015.0,19680.0,3190.0,-1665.0
35,35000,1000,435.0,37.791,48.836,592000.0,620210.0,110460.0,-28210.0,30.68,52.643,14540.0,13080.0,3060.0,1460.0
36,36000,1000,582.0,37.918,48.753,609700.0,640890.0,114460.0,-31190.0,42.38,46.118,17700.0,20680.0,4000.0,-2980.0
37,37000,1000,553.0,37.79,48.718,623935.0,656780.0,117500.0,-32845.0,33.165,47.253,14235.0,15890.0,3040.0,-1655.0
38,38000,1000,628.0,37.98,48.743,644405.0,677650.0,121180.0,-33245.0,45.02,49.516,20470.0,20870.0,3680.0,-400.0
39,39000,1000,557.0,37.935,48.718,660190.0,694940.0,124320.0,-34750.0,36.215,47.725,15785.0,17290.0,3140.0,-1505.0
40,40000,1000,569.0,37.94,48.778,678420.0,712410.0,126780.0,-33990.0,38.16,51.064,18230.0,17470.0,2460.0,760.0
41,41000,1000,584.0,37.896,48.916,696510.0,727380.0,129850.0,-30870.0,36.13,54.719,18090.0,14970.0,3070.0,3120.0
42,42000,1000,573.0,37.97,48.806,713440.0,748360.0,132920.0,-34920.0,40.98,44.658,16930.0,20980.0,3070.0,-4050.0
43,43000,1000,479.0,37.846,48.916,729790.0,762150.0,135430.0,-32360.0,32.65,54.247,16350.0,13790.0,2510.0,2560.0
44,44000,1000,495.0,37.745,48.965,745530.0,777060.0,138210.0,-31530.0,33.43,51.354,15740.0,14910.0,2780.0,830.0
45,45000,1000,599.0,37.917,49.072,767795.0,796820.0,141660.0,-29025.0,45.475,52.98,22265.0,19760.0,3450.0,2505.0
46,46000,1000,561.0,37.96,49.145,786980.0,814360.0,144800.0,-27380.0,39.865,52.24,19185.0,17540.0,3140.0,1645.0
47,47000,1000,469.0,37.941,49.153,803720.0,831410.0,148090.0,-27690.0,37.08,49.541,16740.0,17050.0,3290.0,-310.0
48,48000,1000,535.0,37.816,49.15,818440.0,846760.0,149950.0,-28320.0,31.93,48.952,14720.0,15350.0,1860.0,-630.0
49,49000,1000,502.0,37.695,49.144,833425.0,862460.0,151160.0,-29035.0,31.895,48.835,14985.0,15700.0,1210.0,-715.0
50,50000,1000,565.0,37.796,49.219,854100.0,881190.0,154500.0,-27090.0,42.745,52.468,20675.0,18730.0,3340.0,1945.0
51,51000,1000,463.0,37.641,49.237,867770.0,894670.0,157270.0,-26900.0,29.92,50.35,13670.0,13480.0,2770.0,190.0
52,52000,1000,483.0,37.484,49.291,882320.0,907700.0,159130.0,-25380.0,29.44,52.756,14550.0,13030.0,1860.0,1520.0
53,53000,1000,492.0,37.418,49.304,897520.0,922850.0,162770.0,-25330.0,33.99,50.082,15200.0,15150.0,3640.0,50.0
54,54000,1000,550.0,37.39,49.33,914005.0,938830.0,166220.0,-24825.0,35.915,50.778,16485.0,15980.0,3450.0,505.0
55,55000,1000,553.0,37.298,49.395,929935.0,952710.0,168720.0,-22775.0,32.31,53.438,15930.0,13880.0,2500.0,2050.0
56,56000,1000,545.0,37.365,49.433,949055.0,970840.0,172520.0,-21785.0,41.05,51.329,19120.0,18130.0,3800.0,990.0
57,57000,1000,543.0,37.341,49.424,965245.0,987740.0,175450.0,-22495.0,36.02,48.927,16190.0,16900.0,2930.0,-710.0
58,58000,1000,607.0,37.324,49.365,980360.0,1005600.0,178840.0,-25240.0,36.365,45.838,15115.0,17860.0,3390.0,-2745.0
59,59000,1000,670.0,37.503,49.43,1003275.0,1026400.0,183000.0,-23125.0,47.875,52.419,22915.0,20800.0,4160.0,2115.0
60,60000,1000,491.0,37.488,49.488,1021240.0,1042390.0,185660.0,-21150.0,36.615,52.908,17965.0,15990.0,2660.0,1975.0
61,61000,1000,587.0,37.63,49.497,1042100.0,1063270.0,190090.0,-21170.0,46.17,49.976,20860.0,20880.0,4430.0,-20.0
62,62000,1000,583.0,37.673,49.512,1060760.0,1081690.0,193270.0,-20930.0,40.26,50.324,18660.0,18420.0,3180.0,240.0
63,63000,1000,450.0,37.489,49.531,1072980.0,1093300.0,195500.0,-20320.0,26.06,51.28,12220.0,11610.0,2230.0,610.0
64,64000,1000,478.0,37.39,49.482,1086235.0,1108960.0,197790.0,-22725.0,31.205,45.841,13255.0,15660.0,2290.0,-2405.0
65,65000,1000,439.0,37.214,49.516,1098910.0,1120410.0,199560.0,-21500.0,25.895,52.539,12675.0,11450.0,1770.0,1225.0
66,66000,1000,506.0,37.217,49.505,1115640.0,1137960.0,202710.0,-22320.0,37.43,48.804,16730.0,17550.0,3150.0,-820.0
67,67000,1000,599.0,37.317,49.503,1135160.0,1157950.0,207120.0,-22790.0,43.92,49.405,19520.0,19990.0,4410.0,-470.0
68,68000,1000,445.0,37.17,49.52,1147925.0,1170200.0,209410.0,-22275.0,27.305,51.029,12765.0,12250.0,2290.0,515.0
69,69000,1000,603.0,37.285,49.504,1167750.0,1191170.0,213770.0,-23420.0,45.155,48.597,19825.0,20970.0,4360.0,-1145.0
70,70000,1000,531.0,37.232,49.511,1183240.0,1206630.0,216390.0,-23390.0,33.57,50.048,15490.0,15460.0,2620.0,30.0
71,71000,1000,479.0,37.195,49.51,1199050.0,1222800.0,218970.0,-23750.0,34.56,49.437,15810.0,16170.0,2580.0,-360.0
72,72000,1000,630.0,37.318,49.522,1220745.0,1244330.0,221850.0,-23585.0,46.105,50.191,21695.0,21530.0,2880.0,165.0
73,73000,1000,554.0,37.324,49.543,1238250.0,1261100.0,225320.0,-22850.0,37.745,51.072,17505.0,16770.0,3470.0,735.0
74,74000,1000,499.0,37.277,49.534,1253180.0,1276750.0,228570.0,-23570.0,33.83,48.823,14930.0,15650.0,3250.0,-720.0
75,75000,1000,560.0,37.319,49.561,1272470.0,1295000.0,231490.0,-22530.0,40.46,51.385,19290.0,18250.0,2920.0,1040.0
76,76000,1000,599.0,37.408,49.573,1293230.0,1315520.0,234290.0,-22290.0,44.08,50.291,20760.0,20520.0,2800.0,240.0
77,77000,1000,572.0,37.388,49.601,1309870.0,1330970.0,238070.0,-21100.0,35.87,51.854,16640.0,15450.0,3780.0,1190.0
78,78000,1000,626.0,37.479,49.661,1331640.0,1349800.0,241890.0,-18160.0,44.42,53.621,21770.0,18830.0,3820.0,2940.0
79,79000,1000,567.0,37.533,49.642,1350165.0,1369640.0,245280.0,-19475.0,41.755,48.286,18525.0,19840.0,3390.0,-1315.0
80,80000,1000,575.0,37.568,49.698,1370165.0,1386820.0,248470.0,-16655.0,40.37,53.792,20000.0,17180.0,3190.0,2820.0
81,81000,1000,511.0,37.518,49.687,1384485.0,1401910.0,252550.0,-17425.0,33.49,48.691,14320.0,15090.0,4080.0,-770.0
82,82000,1000,544.0,37.549,49.735,1404045.0,1418980.0,255960.0,-14935.0,40.04,53.399,19560.0,17070.0,3410.0,2490.0
83,83000,1000,679.0,37.705,49.853,1430820.0,1439270.0,259420.0,-8450.0,50.525,56.889,26775.0,20290.0,3460.0,6485.0
84,84000,1000,562.0,37.712,49.878,1448865.0,1455970.0,262990.0,-7105.0,38.315,51.936,18045.0,16700.0,3570.0,1345.0
85,85000,1000,563.0,37.713,49.843,1465055.0,1474290.0,266270.0,-9235.0,37.79,46.914,16190.0,18320.0,3280.0,-2130.0
86,86000,1000,618.0,37.829,49.846,1487050.0,1496230.0,270000.0,-9180.0,47.665,50.063,21995.0,21940.0,3730.0,55.0
87,87000,1000,594.0,37.828,49.852,1504160.0,1513090.0,273800.0,-8930.0,37.77,50.368,17110.0,16860.0,3800.0,250.0
88,88000,1000,657.0,37.965,49.798,1525530.0,1537930.0,277490.0,-12400.0,49.9,46.245,21370.0,24840.0,3690.0,-3470.0
89,89000,1000,447.0,37.881,49.816,1539885.0,1551280.0,280200.0,-11395.0,30.415,51.814,14355.0,13350.0,2710.0,1005.0
90,90000,1000,541.0,37.83,49.795,1554365.0,1567190.0,283120.0,-12825.0,33.31,47.647,14480.0,15910.0,2920.0,-1430.0
91,91000,1000,563.0,37.83,49.829,1572720.0,1583540.0,286270.0,-10820.0,37.855,52.889,18355.0,16350.0,3150.0,2005.0
92,92000,1000,614.0,37.89,49.827,1592100.0,1603150.0,290600.0,-11050.0,43.32,49.705,19380.0,19610.0,4330.0,-230.0
93,93000,1000,607.0,37.904,49.845,1610580.0,1620580.0,293920.0,-10000.0,39.23,51.462,18480.0,17430.0,3320.0,1050.0
94,94000,1000,602.0,37.901,49.836,1627260.0,1637990.0,297480.0,-10730.0,37.65,48.929,16680.0,17410.0,3560.0,-730.0
95,95000,1000,519.0,37.911,49.834,1644680.0,1655620.0,301250.0,-10940.0,38.82,49.7,17420.0,17630.0,3770.0,-210.0
96,96000,1000,570.0,37.855,49.79,1657720.0,1671690.0,304640.0,-13970.0,32.5,44.796,13040.0,16070.0,3390.0,-3030.0
97,97000,1000,559.0,37.901,49.797,1677290.0,1690940.0,308140.0,-13650.0,42.32,50.412,19570.0,19250.0,3500.0,320.0
98,98000,1000,593.0,37.913,49.781,1694500.0,1709380.0,311550.0,-14880.0,39.06,48.275,17210.0,18440.0,3410.0,-1230.0
99,99000,1000,507.0,37.885,49.733,1708845.0,1727210.0,314520.0,-18365.0,35.145,44.584,14345.0,17830.0,2970.0,-3485.0
100,100000,1000,526.0,37.839,49.736,1723805.0,1742100.0,317980.0,-18295.0,33.31,50.117,14960.0,14890.0,3460.0,70.0
