Session ID,Cumulative Games,Games Simulated in Session,Games Played in Session,Lifetime Avg Bet (Xbase),Lifetime winrate (W/L x(Base)),Lifetime Amount won (Xbase),Lifetime Amount loss (Xbase),Lifetime Amount push (Xbase),Lifetime Net Gain/Loss (Xbase),Session Avg Bet (Xbase),Session winrate (W/L x(Base)),Session Amount won (Xbase),Session Amount loss (Xbase),Session Amount push (Xbase),Session Net Gain/Loss (Xbase)
1,1000,1000,556.0,33.075,49.449,15035.0,15370.0,2670.0,-335.0,33.075,49.449,15035.0,15370.0,2670.0,-335.0
2,2000,1000,547.0,30.538,49.262,27885.0,28720.0,4470.0,-835.0,28.0,49.046,12850.0,13350.0,1800.0,-500.0
3,3000,1000,658.0,35.328,49.234,48355.0,49860.0,7770.0,-1505.0,44.91,49.195,20470.0,21140.0,3300.0,-670.0
4,4000,1000,589.0,34.462,50.286,64260.0,63530.0,10060.0,730.0,31.865,53.779,15905.0,13670.0,2290.0,2235.0
5,5000,1000,547.0,33.91,49.531,77560.0,79030.0,12960.0,-1470.0,31.7,46.181,13300.0,15500.0,2900.0,-2200.0
6,6000,1000,476.0,32.906,48.333,87795.0,93850.0,15790.0,-6055.0,27.885,40.85,10235.0,14820.0,2830.0,-4585.0
7,7000,1000,575.0,33.334,49.296,105485.0,108500.0,19350.0,-3015.0,35.9,54.7,17690.0,14650.0,3560.0,3040.0
8,8000,1000,566.0,33.949,49.388,123175.0,126230.0,22190.0,-3055.0,38.26,49.944,17690.0,17730.0,2840.0,-40.0
9,9000,1000,577.0,33.668,49.702,138225.0,139880.0,24910.0,-1655.0,31.42,52.439,15050.0,13650.0,2720.0,1400.0
10,10000,1000,589.0,33.651,49.327,152110.0,156260.0,28140.0,-4150.0,33.495,45.878,13885.0,16380.0,3230.0,-2495.0
11,11000,1000,613.0,33.464,49.932,168400.0,168860.0,30840.0,-460.0,31.59,56.386,16290.0,12600.0,2700.0,3690.0
12,12000,1000,514.0,33.166,50.036,182625.0,182360.0,33010.0,265.0,29.895,51.307,14225.0,13500.0,2170.0,725.0
13,13000,1000,593.0,33.183,50.056,198125.0,197680.0,35570.0,445.0,33.38,50.292,15500.0,15320.0,2560.0,180.0
14,14000,1000,589.0,33.128,50.161,213890.0,212520.0,37380.0,1370.0,32.415,51.511,15765.0,14840.0,1810.0,925.0
15,15000,1000,649.0,33.585,50.175,232595.0,230970.0,40210.0,1625.0,39.985,50.343,18705.0,18450.0,2830.0,255.0
16,16000,1000,637.0,33.696,50.049,248510.0,248020.0,42610.0,490.0,35.365,48.278,15915.0,17050.0,2400.0,-1135.0
17,17000,1000,581.0,33.576,49.751,261220.0,263840.0,45740.0,-2620.0,31.66,44.55,12710.0,15820.0,3130.0,-3110.0
18,18000,1000,545.0,33.271,50.02,275030.0,274810.0,49030.0,220.0,28.07,55.73,13810.0,10970.0,3290.0,2840.0
19,19000,1000,585.0,33.2,50.04,289505.0,289040.0,52260.0,465.0,31.935,50.427,14475.0,14230.0,3230.0,245.0
20,20000,1000,569.0,33.143,50.083,304545.0,303530.0,54780.0,1015.0,32.05,50.931,15040.0,14490.0,2520.0,550.0
21,21000,1000,576.0,33.05,49.934,317910.0,318750.0,57400.0,-840.0,31.205,46.755,13365.0,15220.0,2620.0,-1855.0
22,22000,1000,514.0,32.928,49.98,332075.0,332340.0,60000.0,-265.0,30.355,51.036,14165.0,13590.0,2600.0,575.0
23,23000,1000,591.0,32.985,50.009,347945.0,347820.0,62880.0,125.0,34.23,50.622,15870.0,15480.0,2880.0,390.0
24,24000,1000,699.0,33.461,50.047,368235.0,367550.0,67280.0,685.0,44.42,50.7,20290.0,19730.0,4400.0,560.0
25,25000,1000,584.0,33.433,50.011,383025.0,382850.0,69950.0,175.0,32.76,49.153,14790.0,15300.0,2670.0,-510.0
26,26000,1000,518.0,33.246,49.933,395255.0,396310.0,72840.0,-1055.0,28.58,47.606,12230.0,13460.0,2890.0,-1230.0
27,27000,1000,583.0,33.401,49.638,409940.0,415920.0,75970.0,-5980.0,37.425,42.82,14685.0,19610.0,3130.0,-4925.0
28,28000,1000,611.0,33.471,49.532,424875.0,432910.0,79390.0,-8035.0,35.345,46.782,14935.0,16990.0,3420.0,-2055.0
29,29000,1000,594.0,33.489,49.679,441955.0,447670.0,81560.0,-5715.0,34.01,53.643,17080.0,14760.0,2170.0,2320.0
30,30000,1000,586.0,33.45,49.652,456250.0,462650.0,84600.0,-6400.0,32.315,48.83,14295.0,14980.0,3040.0,-685.0
31,31000,1000,565.0,33.471,49.802,473590.0,477350.0,86650.0,-3760.0,34.09,54.12,17340.0,14700.0,2050.0,2640.0
32,32000,1000,533.0,33.411,49.887,488880.0,491090.0,89190.0,-2210.0,31.57,52.67,15290.0,13740.0,2540.0,1550.0
33,33000,1000,606.0,33.49,49.885,505070.0,507400.0,92710.0,-2330.0,36.02,49.815,16190.0,16310.0,3520.0,-120.0
34,34000,1000,570.0,33.495,49.842,519725.0,523010.0,96080.0,-3285.0,33.635,48.422,14655.0,15610.0,3370.0,-955.0
35,35000,1000,617.0,33.542,50.103,538650.0,536430.0,98890.0,2220.0,35.155,58.51,18925.0,13420.0,2810.0,5505.0
36,36000,1000,537.0,33.475,50.206,553875.0,549340.0,101880.0,4535.0,31.125,54.114,15225.0,12910.0,2990.0,2315.0
37,37000,1000,640.0,33.546,50.238,570820.0,565420.0,104960.0,5400.0,36.105,51.31,16945.0,16080.0,3080.0,865.0
38,38000,1000,512.0,33.424,50.231,584140.0,578770.0,107220.0,5370.0,28.93,49.944,13320.0,13350.0,2260.0,-30.0
39,39000,1000,608.0,33.553,49.957,598620.0,599650.0,110280.0,-1030.0,38.42,40.95,14480.0,20880.0,3060.0,-6400.0
40,40000,1000,577.0,33.465,49.924,611535.0,613400.0,113660.0,-1865.0,30.045,48.434,12915.0,13750.0,3380.0,-835.0
41,41000,1000,574.0,33.468,49.968,627475.0,628290.0,116440.0,-815.0,33.61,51.703,15940.0,14890.0,2780.0,1050.0
42,42000,1000,662.0,33.615,50.01,645985.0,645730.0,120130.0,255.0,39.64,51.488,18510.0,17440.0,3690.0,1070.0
43,43000,1000,633.0,33.689,50.006,662950.0,662780.0,122910.0,170.0,36.795,49.875,16965.0,17050.0,2780.0,-85.0
44,44000,1000,450.0,33.478,50.013,674060.0,673700.0,125280.0,360.0,24.4,50.431,11110.0,10920.0,2370.0,190.0
45,45000,1000,565.0,33.478,50.04,690230.0,689130.0,127150.0,1100.0,33.47,51.171,16170.0,15430.0,1870.0,740.0
46,46000,1000,611.0,33.475,49.899,703670.0,706520.0,129640.0,-2850.0,33.32,43.594,13440.0,17390.0,2490.0,-3950.0
47,47000,1000,522.0,33.403,50.029,719185.0,718340.0,132420.0,845.0,30.115,56.759,15515.0,11820.0,2780.0,3695.0
48,48000,1000,619.0,33.49,50.083,737230.0,734800.0,135500.0,2430.0,37.585,52.297,18045.0,16460.0,3080.0,1585.0
49,49000,1000,579.0,33.511,50.117,753380.0,749860.0,138810.0,3520.0,34.52,51.746,16150.0,15060.0,3310.0,1090.0
50,50000,1000,601.0,33.621,50.06,770415.0,768560.0,142060.0,1855.0,38.985,47.67,17035.0,18700.0,3250.0,-1665.0
51,51000,1000,542.0,33.542,50.001,783015.0,782980.0,144660.0,35.0,29.62,46.632,12600.0,14420.0,2600.0,-1820.0
52,52000,1000,509.0,33.464,50.067,797715.0,795570.0,146820.0,2145.0,29.45,53.866,14700.0,12590.0,2160.0,2110.0
53,53000,1000,611.0,33.493,50.051,813665.0,812020.0,149450.0,1645.0,35.03,49.228,15950.0,16450.0,2630.0,-500.0
54,54000,1000,601.0,33.495,50.111,830380.0,826690.0,151660.0,3690.0,33.595,53.258,16715.0,14670.0,2210.0,2045.0
55,55000,1000,550.0,33.418,50.059,843145.0,841160.0,153660.0,1985.0,29.235,46.87,12765.0,14470.0,2000.0,-1705.0
56,56000,1000,579.0,33.479,50.055,859735.0,857850.0,157240.0,1885.0,36.86,49.85,16590.0,16690.0,3580.0,-100.0
57,57000,1000,594.0,33.494,50.083,876230.0,873340.0,159560.0,2890.0,34.305,51.571,16495.0,15490.0,2320.0,1005.0
58,58000,1000,542.0,33.469,50.125,892230.0,887770.0,161220.0,4460.0,32.09,52.58,16000.0,14430.0,1660.0,1570.0
59,59000,1000,564.0,33.374,50.128,904805.0,900200.0,164070.0,4605.0,27.855,50.29,12575.0,12430.0,2850.0,145.0
60,60000,1000,480.0,33.27,50.148,917920.0,912490.0,165790.0,5430.0,27.125,51.624,13115.0,12290.0,1720.0,825.0
61,61000,1000,568.0,33.298,50.154,934210.0,928460.0,168500.0,5750.0,34.97,50.496,16290.0,15970.0,2710.0,320.0
62,62000,1000,533.0,33.27,50.098,946960.0,943260.0,172490.0,3700.0,31.54,46.279,12750.0,14800.0,3990.0,-2050.0
63,63000,1000,593.0,33.241,50.118,961845.0,957310.0,175050.0,4535.0,31.495,51.443,14885.0,14050.0,2560.0,835.0
64,64000,1000,582.0,33.195,50.105,975345.0,971260.0,177850.0,4085.0,30.25,49.18,13500.0,13950.0,2800.0,-450.0
65,65000,1000,571.0,33.167,50.119,990060.0,985340.0,180470.0,4720.0,31.415,51.103,14715.0,14080.0,2620.0,635.0
66,66000,1000,575.0,33.17,50.173,1006865.0,999940.0,182410.0,6925.0,33.345,53.511,16805.0,14600.0,1940.0,2205.0
67,67000,1000,579.0,33.171,50.125,1021495.0,1016380.0,184600.0,5115.0,33.26,47.087,14630.0,16440.0,2190.0,-1810.0
68,68000,1000,474.0,33.082,50.166,1034430.0,1027570.0,187570.0,6860.0,27.095,53.617,12935.0,11190.0,2970.0,1745.0
69,69000,1000,611.0,33.115,50.186,1050780.0,1043010.0,191170.0,7770.0,35.39,51.431,16350.0,15440.0,3600.0,910.0
70,70000,1000,558.0,33.096,50.141,1064715.0,1058730.0,193240.0,5985.0,31.725,46.99,13935.0,15720.0,2070.0,-1785.0
71,71000,1000,669.0,33.183,50.096,1081865.0,1077740.0,196390.0,4125.0,39.31,47.428,17150.0,19010.0,3150.0,-1860.0
72,72000,1000,514.0,33.142,50.096,1095765.0,1091550.0,198900.0,4215.0,30.22,50.162,13900.0,13810.0,2510.0,90.0
73,73000,1000,613.0,33.258,50.14,1115535.0,1109300.0,203000.0,6235.0,41.62,52.692,19770.0,17750.0,4100.0,2020.0
74,74000,1000,511.0,33.156,50.166,1128000.0,1120550.0,204980.0,7450.0,25.695,52.562,12465.0,11250.0,1980.0,1215.0
75,75000,1000,593.0,33.192,50.161,1144075.0,1136710.0,208630.0,7365.0,35.885,49.868,16075.0,16160.0,3650.0,-85.0
76,76000,1000,591.0,33.22,50.13,1159625.0,1153620.0,211500.0,6005.0,35.33,47.905,15550.0,16910.0,2870.0,-1360.0
77,77000,1000,561.0,33.226,50.145,1175160.0,1168380.0,214880.0,6780.0,33.675,51.279,15535.0,14760.0,3380.0,775.0
78,78000,1000,630.0,33.271,50.16,1192270.0,1184650.0,218230.0,7620.0,36.73,51.258,17110.0,16270.0,3350.0,840.0
79,79000,1000,609.0,33.292,50.253,1210895.0,1198690.0,220460.0,12205.0,34.895,57.018,18625.0,14040.0,2230.0,4585.0
80,80000,1000,537.0,33.24,50.288,1225135.0,1211110.0,222990.0,14025.0,29.19,53.413,14240.0,12420.0,2530.0,1820.0
81,81000,1000,675.0,33.336,50.28,1243960.0,1230090.0,226200.0,13870.0,41.015,49.795,18825.0,18980.0,3210.0,-155.0
82,82000,1000,543.0,33.325,50.281,1259135.0,1245080.0,228470.0,14055.0,32.435,50.307,15175.0,14990.0,2270.0,185.0
83,83000,1000,566.0,33.267,50.273,1272240.0,1258430.0,230520.0,13810.0,28.505,49.537,13105.0,13350.0,2050.0,-245.0
84,84000,1000,535.0,33.247,50.31,1287685.0,1271820.0,233260.0,15865.0,31.575,53.563,15445.0,13390.0,2740.0,2055.0
85,85000,1000,542.0,33.221,50.263,1300695.0,1287100.0,235960.0,13595.0,30.99,45.988,13010.0,15280.0,2700.0,-2270.0
86,86000,1000,532.0,33.214,50.2,1313785.0,1303340.0,239240.0,10445.0,32.61,44.63,13090.0,16240.0,3280.0,-3150.0
87,87000,1000,569.0,33.23,50.213,1329905.0,1318600.0,242510.0,11305.0,34.65,51.37,16120.0,15260.0,3270.0,860.0
88,88000,1000,534.0,33.238,50.275,1347115.0,1332370.0,245450.0,14745.0,33.92,55.552,17210.0,13770.0,2940.0,3440.0
89,89000,1000,554.0,33.261,50.206,1361350.0,1350190.0,248720.0,11160.0,35.325,44.408,14235.0,17820.0,3270.0,-3585.0
90,90000,1000,538.0,33.235,50.203,1375675.0,1364540.0,250930.0,11135.0,30.885,49.956,14325.0,14350.0,2210.0,-25.0
91,91000,1000,561.0,33.237,50.24,1392190.0,1378910.0,253440.0,13280.0,33.395,53.473,16515.0,14370.0,2510.0,2145.0
92,92000,1000,533.0,33.165,50.256,1404915.0,1390620.0,255600.0,14295.0,26.595,52.077,12725.0,11710.0,2160.0,1015.0
93,93000,1000,604.0,33.139,50.253,1418720.0,1404420.0,258750.0,14300.0,30.755,50.009,13805.0,13800.0,3150.0,5.0
94,94000,1000,577.0,33.149,50.281,1435455.0,1419410.0,261120.0,16045.0,34.095,52.75,16735.0,14990.0,2370.0,1745.0
95,95000,1000,621.0,33.156,50.259,1450710.0,1435740.0,263410.0,14970.0,33.875,48.298,15255.0,16330.0,2290.0,-1075.0
96,96000,1000,585.0,33.141,50.256,1465165.0,1450210.0,266180.0,14955.0,31.695,49.974,14455.0,14470.0,2770.0,-15.0
97,97000,1000,578.0,33.191,50.28,1483630.0,1467080.0,268820.0,16550.0,37.975,52.257,18465.0,16870.0,2640.0,1595.0
98,98000,1000,574.0,33.136,50.286,1496755.0,1479750.0,270780.0,17005.0,27.755,50.882,13125.0,12670.0,1960.0,455.0
99,99000,1000,608.0,33.159,50.347,1515065.0,1494190.0,273460.0,20875.0,35.43,55.908,18310.0,14440.0,2680.0,3870.0
100,100000,1000,577.0,33.172,50.367,1531805.0,1509460.0,275970.0,22345.0,34.52,52.296,16740.0,15270.0,2510.0,1470.0
