Session ID,Cumulative Games,Games Simulated in Session,Games Played in Session,Lifetime Avg Bet (Xbase),Lifetime winrate (W/L x(Base)),Lifetime Amount won (Xbase),Lifetime Amount loss (Xbase),Lifetime Amount push (Xbase),Lifetime Net Gain/Loss (Xbase),Session Avg Bet (Xbase),Session winrate (W/L x(Base)),Session Amount won (Xbase),Session Amount loss (Xbase),Session Amount push (Xbase),Session Net Gain/Loss (Xbase)
1,1000,1000,194.0,5.1,51.078,2370.0,2270.0,460.0,100.0,5.1,51.078,2370.0,2270.0,460.0,100.0
2,2000,1000,248.0,5.64,49.951,5100.0,5110.0,1070.0,-10.0,6.18,49.013,2730.0,2840.0,610.0,-110.0
3,3000,1000,104.0,4.32,51.188,6030.0,5750.0,1180.0,280.0,1.68,59.236,930.0,640.0,110.0,290.0
4,4000,1000,281.0,5.388,51.908,10200.0,9450.0,1900.0,750.0,8.59,52.986,4170.0,3700.0,720.0,470.0
5,5000,1000,190.0,5.294,51.122,12300.0,11760.0,2410.0,540.0,4.92,47.619,2100.0,2310.0,510.0,-210.0
6,6000,1000,216.0,5.629,49.535,15165.0,15450.0,3160.0,-285.0,7.305,43.707,2865.0,3690.0,750.0,-825.0
7,7000,1000,178.0,5.437,48.957,16890.0,17610.0,3560.0,-720.0,4.285,44.402,1725.0,2160.0,400.0,-435.0
8,8000,1000,174.0,5.216,49.57,18745.0,19070.0,3910.0,-325.0,3.665,55.958,1855.0,1460.0,350.0,395.0
9,9000,1000,125.0,4.949,49.486,19995.0,20410.0,4140.0,-415.0,2.82,48.263,1250.0,1340.0,230.0,-90.0
10,10000,1000,140.0,4.763,49.715,21375.0,21620.0,4640.0,-245.0,3.09,53.282,1380.0,1210.0,500.0,170.0
11,11000,1000,187.0,4.77,50.184,23875.0,23700.0,4890.0,175.0,4.83,54.585,2500.0,2080.0,250.0,420.0
12,12000,1000,149.0,4.65,50.084,25315.0,25230.0,5250.0,85.0,3.33,48.485,1440.0,1530.0,360.0,-90.0
13,13000,1000,193.0,4.834,50.175,28610.0,28410.0,5820.0,200.0,7.045,50.888,3295.0,3180.0,570.0,115.0
14,14000,1000,134.0,4.707,49.745,29795.0,30100.0,6000.0,-305.0,3.055,41.217,1185.0,1690.0,180.0,-505.0
15,15000,1000,130.0,4.578,49.764,31145.0,31440.0,6080.0,-295.0,2.77,50.186,1350.0,1340.0,80.0,10.0
16,16000,1000,159.0,4.574,49.227,32790.0,33820.0,6580.0,-1030.0,4.525,40.87,1645.0,2380.0,500.0,-735.0
17,17000,1000,213.0,4.65,49.252,35395.0,36470.0,7190.0,-1075.0,5.865,49.572,2605.0,2650.0,610.0,-45.0
18,18000,1000,121.0,4.596,49.199,37015.0,38220.0,7500.0,-1205.0,3.68,48.071,1620.0,1750.0,310.0,-130.0
19,19000,1000,253.0,4.666,49.31,39835.0,40950.0,7860.0,-1115.0,5.91,50.811,2820.0,2730.0,360.0,90.0
20,20000,1000,112.0,4.566,49.416,41215.0,42190.0,7910.0,-975.0,2.67,52.672,1380.0,1240.0,50.0,140.0
21,21000,1000,106.0,4.475,49.393,42330.0,43370.0,8270.0,-1040.0,2.655,48.584,1115.0,1180.0,360.0,-65.0
22,22000,1000,144.0,4.397,49.813,44040.0,44370.0,8330.0,-330.0,2.77,63.1,1710.0,1000.0,60.0,710.0
23,23000,1000,203.0,4.473,49.451,46390.0,47420.0,9060.0,-1030.0,6.13,43.519,2350.0,3050.0,730.0,-700.0
24,24000,1000,244.0,4.598,49.784,50055.0,50490.0,9810.0,-435.0,7.485,54.417,3665.0,3070.0,750.0,595.0
25,25000,1000,140.0,4.554,49.988,51925.0,51950.0,9980.0,-25.0,3.5,56.156,1870.0,1460.0,170.0,410.0
26,26000,1000,165.0,4.555,49.949,53900.0,54010.0,10510.0,-110.0,4.565,48.947,1975.0,2060.0,530.0,-85.0
27,27000,1000,158.0,4.512,50.043,55615.0,55520.0,10690.0,95.0,3.405,53.178,1715.0,1510.0,180.0,205.0
28,28000,1000,151.0,4.481,49.817,57030.0,57450.0,11000.0,-420.0,3.655,42.302,1415.0,1930.0,310.0,-515.0
29,29000,1000,159.0,4.432,49.874,58455.0,58750.0,11320.0,-295.0,3.045,52.294,1425.0,1300.0,320.0,125.0
30,30000,1000,154.0,4.398,49.921,60070.0,60260.0,11600.0,-190.0,3.405,51.68,1615.0,1510.0,280.0,105.0
31,31000,1000,200.0,4.413,49.902,62195.0,62440.0,12160.0,-245.0,4.865,49.361,2125.0,2180.0,560.0,-55.0
32,32000,1000,111.0,4.351,49.992,63420.0,63440.0,12370.0,-20.0,2.435,55.056,1225.0,1000.0,210.0,225.0
33,33000,1000,131.0,4.31,50.023,64740.0,64680.0,12810.0,60.0,3.0,51.562,1320.0,1240.0,440.0,80.0
34,34000,1000,131.0,4.28,50.055,66315.0,66170.0,13050.0,145.0,3.305,51.387,1575.0,1490.0,240.0,85.0
35,35000,1000,182.0,4.277,50.055,68210.0,68060.0,13420.0,150.0,4.155,50.066,1895.0,1890.0,370.0,5.0
36,36000,1000,138.0,4.273,50.12,70165.0,69830.0,13840.0,335.0,4.145,52.483,1955.0,1770.0,420.0,185.0
37,37000,1000,200.0,4.296,50.309,72825.0,71930.0,14190.0,895.0,5.11,55.882,2660.0,2100.0,350.0,560.0
38,38000,1000,187.0,4.313,50.367,75125.0,74030.0,14740.0,1095.0,4.95,52.273,2300.0,2100.0,550.0,200.0
39,39000,1000,190.0,4.343,50.295,77670.0,76760.0,14940.0,910.0,5.475,48.246,2545.0,2730.0,200.0,-185.0
40,40000,1000,136.0,4.309,50.382,79180.0,77980.0,15190.0,1200.0,2.98,55.311,1510.0,1220.0,250.0,290.0
41,41000,1000,96.0,4.26,50.281,80095.0,79200.0,15380.0,895.0,2.325,42.857,915.0,1220.0,190.0,-305.0
42,42000,1000,199.0,4.298,50.408,83075.0,81730.0,15690.0,1345.0,5.82,54.083,2980.0,2530.0,310.0,450.0
43,43000,1000,71.0,4.235,50.379,83810.0,82550.0,15750.0,1260.0,1.615,47.267,735.0,820.0,60.0,-85.0
44,44000,1000,161.0,4.221,50.429,85605.0,84150.0,15970.0,1455.0,3.615,52.872,1795.0,1600.0,220.0,195.0
45,45000,1000,250.0,4.311,50.421,89585.0,88090.0,16320.0,1495.0,8.27,50.253,3980.0,3940.0,350.0,40.0
46,46000,1000,229.0,4.355,50.313,92340.0,91190.0,16800.0,1150.0,6.335,47.054,2755.0,3100.0,480.0,-345.0
47,47000,1000,166.0,4.349,50.42,94455.0,92880.0,17050.0,1575.0,4.055,55.585,2115.0,1690.0,250.0,425.0
48,48000,1000,73.0,4.295,50.392,95180.0,93700.0,17270.0,1480.0,1.765,46.926,725.0,820.0,220.0,-95.0
49,49000,1000,148.0,4.273,50.412,96690.0,95110.0,17560.0,1580.0,3.21,51.712,1510.0,1410.0,290.0,100.0
50,50000,1000,134.0,4.284,50.437,99005.0,97290.0,17910.0,1715.0,4.845,51.502,2315.0,2180.0,350.0,135.0
51,51000,1000,211.0,4.314,50.484,101680.0,99730.0,18590.0,1950.0,5.795,52.297,2675.0,2440.0,680.0,235.0
52,52000,1000,155.0,4.289,50.477,103015.0,101070.0,18930.0,1945.0,3.015,49.907,1335.0,1340.0,340.0,-5.0
53,53000,1000,188.0,4.313,50.299,105270.0,104020.0,19320.0,1250.0,5.595,43.324,2255.0,2950.0,390.0,-695.0
54,54000,1000,211.0,4.352,50.336,108315.0,106870.0,19810.0,1445.0,6.385,51.654,3045.0,2850.0,490.0,195.0
55,55000,1000,159.0,4.347,50.339,110235.0,108750.0,20110.0,1485.0,4.1,50.526,1920.0,1880.0,300.0,40.0
56,56000,1000,154.0,4.343,50.333,112095.0,110610.0,20530.0,1485.0,4.14,50.0,1860.0,1860.0,420.0,0.0
57,57000,1000,71.0,4.295,50.339,112830.0,111310.0,20660.0,1520.0,1.565,51.22,735.0,700.0,130.0,35.0
58,58000,1000,89.0,4.254,50.271,113535.0,112310.0,20900.0,1225.0,1.945,41.349,705.0,1000.0,240.0,-295.0
59,59000,1000,174.0,4.272,50.45,116305.0,114230.0,21530.0,2075.0,5.32,59.062,2770.0,1920.0,630.0,850.0
60,60000,1000,274.0,4.339,50.587,120570.0,117770.0,22020.0,2800.0,8.295,54.644,4265.0,3540.0,490.0,725.0
61,61000,1000,139.0,4.33,50.617,122395.0,119410.0,22320.0,2985.0,3.765,52.67,1825.0,1640.0,300.0,185.0
62,62000,1000,131.0,4.31,50.671,123880.0,120600.0,22710.0,3280.0,3.065,55.514,1485.0,1190.0,390.0,295.0
63,63000,1000,206.0,4.338,50.76,126765.0,122970.0,23560.0,3795.0,6.105,54.9,2885.0,2370.0,850.0,515.0
64,64000,1000,198.0,4.339,50.89,129125.0,124610.0,23960.0,4515.0,4.4,59.0,2360.0,1640.0,400.0,720.0
65,65000,1000,179.0,4.337,50.907,131185.0,126510.0,24240.0,4675.0,4.24,52.02,2060.0,1900.0,280.0,160.0
66,66000,1000,226.0,4.385,51.015,135000.0,129630.0,24790.0,5370.0,7.485,55.011,3815.0,3120.0,550.0,695.0
67,67000,1000,308.0,4.438,51.075,138845.0,133000.0,25510.0,5845.0,7.935,53.292,3845.0,3370.0,720.0,475.0
68,68000,1000,226.0,4.463,51.167,141945.0,135470.0,26070.0,6475.0,6.13,55.655,3100.0,2470.0,560.0,630.0
69,69000,1000,175.0,4.447,51.159,143460.0,136960.0,26430.0,6500.0,3.365,50.416,1515.0,1490.0,360.0,25.0
70,70000,1000,137.0,4.436,51.099,145005.0,138770.0,26770.0,6235.0,3.695,46.051,1545.0,1810.0,340.0,-265.0
71,71000,1000,226.0,4.473,51.091,148170.0,141840.0,27540.0,6330.0,7.005,50.762,3165.0,3070.0,770.0,95.0
72,72000,1000,221.0,4.489,51.093,150810.0,144360.0,28040.0,6450.0,5.66,51.163,2640.0,2520.0,500.0,120.0
73,73000,1000,210.0,4.508,51.15,153735.0,146820.0,28520.0,6915.0,5.865,54.318,2925.0,2460.0,480.0,465.0
74,74000,1000,199.0,4.52,51.162,156260.0,149160.0,29040.0,7100.0,5.385,51.901,2525.0,2340.0,520.0,185.0
75,75000,1000,234.0,4.555,51.304,160110.0,151970.0,29550.0,8140.0,7.17,57.808,3850.0,2810.0,510.0,1040.0
76,76000,1000,202.0,4.557,51.289,162310.0,154150.0,29840.0,8160.0,4.67,50.228,2200.0,2180.0,290.0,20.0
77,77000,1000,132.0,4.552,51.328,164205.0,155710.0,30560.0,8495.0,4.175,54.848,1895.0,1560.0,720.0,335.0
78,78000,1000,164.0,4.539,51.335,165880.0,157250.0,30920.0,8630.0,3.575,52.1,1675.0,1540.0,360.0,135.0
79,79000,1000,114.0,4.515,51.31,167050.0,158520.0,31140.0,8530.0,2.66,47.951,1170.0,1270.0,220.0,-100.0
80,80000,1000,183.0,4.513,51.267,168985.0,160630.0,31400.0,8355.0,4.305,47.837,1935.0,2110.0,260.0,-175.0
81,81000,1000,139.0,4.516,51.271,171295.0,162800.0,31730.0,8495.0,4.81,51.562,2310.0,2170.0,330.0,140.0
82,82000,1000,143.0,4.514,51.304,173375.0,164560.0,32190.0,8815.0,4.3,54.167,2080.0,1760.0,460.0,320.0
83,83000,1000,222.0,4.517,51.257,175390.0,166790.0,32760.0,8600.0,4.815,47.468,2015.0,2230.0,570.0,-215.0
84,84000,1000,169.0,4.508,51.236,177070.0,168530.0,33070.0,8540.0,3.73,49.123,1680.0,1740.0,310.0,-60.0
85,85000,1000,205.0,4.519,51.203,179550.0,171110.0,33440.0,8440.0,5.43,49.012,2480.0,2580.0,370.0,-100.0
86,86000,1000,183.0,4.521,51.302,182105.0,172860.0,33870.0,9245.0,4.735,59.35,2555.0,1750.0,430.0,805.0
87,87000,1000,191.0,4.507,51.267,183555.0,174480.0,34070.0,9075.0,3.27,47.231,1450.0,1620.0,200.0,-170.0
88,88000,1000,160.0,4.499,51.295,185455.0,176090.0,34360.0,9365.0,3.8,54.131,1900.0,1610.0,290.0,290.0
89,89000,1000,173.0,4.497,51.238,187320.0,178270.0,34680.0,9050.0,4.365,46.106,1865.0,2180.0,320.0,-315.0
90,90000,1000,190.0,4.506,51.162,189465.0,180860.0,35220.0,8605.0,5.275,45.301,2145.0,2590.0,540.0,-445.0
91,91000,1000,122.0,4.493,51.128,190865.0,182440.0,35560.0,8425.0,3.32,46.98,1400.0,1580.0,340.0,-180.0
92,92000,1000,131.0,4.481,51.162,192580.0,183830.0,35870.0,8750.0,3.415,55.233,1715.0,1390.0,310.0,325.0
93,93000,1000,240.0,4.504,51.101,195480.0,187060.0,36330.0,8420.0,6.59,47.308,2900.0,3230.0,460.0,-330.0
94,94000,1000,165.0,4.503,51.033,197370.0,189380.0,36530.0,7990.0,4.41,44.893,1890.0,2320.0,200.0,-430.0
95,95000,1000,160.0,4.496,51.024,199145.0,191150.0,36860.0,7995.0,3.875,50.071,1775.0,1770.0,330.0,5.0
96,96000,1000,124.0,4.482,50.913,200200.0,193020.0,37080.0,7180.0,3.145,36.068,1055.0,1870.0,220.0,-815.0
97,97000,1000,101.0,4.454,50.907,201010.0,193850.0,37210.0,7160.0,1.77,49.39,810.0,830.0,130.0,-20.0
98,98000,1000,143.0,4.436,50.935,202370.0,194940.0,37370.0,7430.0,2.61,55.51,1360.0,1090.0,160.0,270.0
99,99000,1000,147.0,4.431,50.948,204320.0,196720.0,37670.0,7600.0,4.03,52.279,1950.0,1780.0,300.0,170.0
100,100000,1000,140.0,4.423,50.93,205985.0,198460.0,37890.0,7525.0,3.625,48.899,1665.0,1740.0,220.0,-75.0
