Session ID,Cumulative Games,Games Simulated in Session,Games Played in Session,Lifetime Avg Bet (Xbase),Lifetime winrate (W/L x(Base)),Lifetime Amount won (Xbase),Lifetime Amount loss (Xbase),Lifetime Amount push (Xbase),Lifetime Net Gain/Loss (Xbase),Session Avg Bet (Xbase),Session winrate (W/L x(Base)),Session Amount won (Xbase),Session Amount loss (Xbase),Session Amount push (Xbase),Session Net Gain/Loss (Xbase)
1,1000,1000,86.0,1.74,45.679,740.0,880.0,120.0,-140.0,1.74,45.679,740.0,880.0,120.0,-140.0
2,2000,1000,195.0,3.132,47.649,2685.0,2950.0,630.0,-265.0,4.525,48.443,1945.0,2070.0,510.0,-125.0
3,3000,1000,179.0,3.71,47.639,4640.0,5100.0,1390.0,-460.0,4.865,47.625,1955.0,2150.0,760.0,-195.0
4,4000,1000,193.0,4.412,49.286,7590.0,7810.0,2250.0,-220.0,6.52,52.12,2950.0,2710.0,860.0,240.0
5,5000,1000,119.0,4.231,50.338,9305.0,9180.0,2670.0,125.0,3.505,55.592,1715.0,1370.0,420.0,345.0
6,6000,1000,249.0,4.522,50.386,12085.0,11900.0,3150.0,185.0,5.98,50.545,2780.0,2720.0,480.0,60.0
7,7000,1000,138.0,4.344,50.536,13680.0,13390.0,3340.0,290.0,3.275,51.702,1595.0,1490.0,190.0,105.0
8,8000,1000,269.0,4.866,49.964,17485.0,17510.0,3930.0,-25.0,8.515,48.013,3805.0,4120.0,590.0,-315.0
9,9000,1000,172.0,4.886,49.975,19830.0,19850.0,4290.0,-20.0,5.045,50.053,2345.0,2340.0,360.0,5.0
10,10000,1000,174.0,4.894,49.36,21795.0,22360.0,4790.0,-565.0,4.975,43.911,1965.0,2510.0,500.0,-545.0
11,11000,1000,142.0,4.701,49.337,23060.0,23680.0,4970.0,-620.0,2.765,48.936,1265.0,1320.0,180.0,-55.0
12,12000,1000,229.0,4.957,50.12,27060.0,26930.0,5490.0,130.0,7.77,55.172,4000.0,3250.0,520.0,750.0
13,13000,1000,186.0,4.958,50.53,29570.0,28950.0,5930.0,620.0,4.97,55.408,2510.0,2020.0,440.0,490.0
14,14000,1000,103.0,4.746,50.716,30645.0,29780.0,6020.0,865.0,1.995,56.43,1075.0,830.0,90.0,245.0
15,15000,1000,259.0,4.826,50.391,33145.0,32630.0,6610.0,515.0,5.94,46.729,2500.0,2850.0,590.0,-350.0
16,16000,1000,184.0,4.849,50.411,35590.0,35010.0,6980.0,580.0,5.195,50.674,2445.0,2380.0,370.0,65.0
17,17000,1000,266.0,4.992,49.842,38695.0,38940.0,7230.0,-245.0,7.285,44.136,3105.0,3930.0,250.0,-825.0
18,18000,1000,182.0,4.931,49.904,40465.0,40620.0,7680.0,-155.0,3.9,51.304,1770.0,1680.0,450.0,90.0
19,19000,1000,153.0,4.919,49.729,42250.0,42710.0,8500.0,-460.0,4.695,46.065,1785.0,2090.0,820.0,-305.0
20,20000,1000,169.0,4.883,50.076,44545.0,44410.0,8710.0,135.0,4.205,57.447,2295.0,1700.0,210.0,595.0
21,21000,1000,175.0,4.844,50.084,46475.0,46320.0,8920.0,155.0,4.05,50.26,1930.0,1910.0,210.0,20.0
22,22000,1000,237.0,4.942,50.169,49685.0,49350.0,9690.0,335.0,7.01,51.442,3210.0,3030.0,770.0,180.0
23,23000,1000,212.0,4.967,50.27,52220.0,51660.0,10370.0,560.0,5.525,52.322,2535.0,2310.0,680.0,225.0
24,24000,1000,190.0,5.02,50.098,54775.0,54560.0,11150.0,215.0,6.235,46.838,2555.0,2900.0,780.0,-345.0
25,25000,1000,276.0,5.095,50.229,58110.0,57580.0,11690.0,530.0,6.895,52.478,3335.0,3020.0,540.0,315.0
26,26000,1000,92.0,4.966,50.043,58730.0,58630.0,11760.0,100.0,1.74,37.126,620.0,1050.0,70.0,-430.0
27,27000,1000,220.0,4.999,49.943,61330.0,61470.0,12180.0,-140.0,5.86,47.794,2600.0,2840.0,420.0,-240.0
28,28000,1000,197.0,4.959,50.01,63235.0,63210.0,12410.0,25.0,3.875,52.263,1905.0,1740.0,230.0,165.0
29,29000,1000,209.0,4.972,50.046,65780.0,65660.0,12760.0,120.0,5.345,50.951,2545.0,2450.0,350.0,95.0
30,30000,1000,157.0,4.906,49.968,67035.0,67120.0,13030.0,-85.0,2.985,46.225,1255.0,1460.0,270.0,-205.0
31,31000,1000,157.0,4.877,50.125,69125.0,68780.0,13280.0,345.0,4.0,55.733,2090.0,1660.0,250.0,430.0
32,32000,1000,243.0,4.973,50.253,72965.0,72230.0,13930.0,735.0,7.94,52.675,3840.0,3450.0,650.0,390.0
33,33000,1000,178.0,4.96,50.203,74875.0,74270.0,14520.0,605.0,4.54,48.354,1910.0,2040.0,590.0,-130.0
34,34000,1000,291.0,5.016,50.286,78180.0,77290.0,15080.0,890.0,6.885,52.253,3305.0,3020.0,560.0,285.0
35,35000,1000,94.0,4.93,50.41,79310.0,78020.0,15210.0,1290.0,1.99,60.753,1130.0,730.0,130.0,400.0
36,36000,1000,106.0,4.872,50.468,80665.0,79170.0,15560.0,1495.0,2.855,54.092,1355.0,1150.0,350.0,205.0
37,37000,1000,155.0,4.848,50.54,82635.0,80870.0,15860.0,1765.0,3.97,53.678,1970.0,1700.0,300.0,270.0
38,38000,1000,180.0,4.825,50.647,84570.0,82410.0,16370.0,2160.0,3.985,55.683,1935.0,1540.0,510.0,395.0
39,39000,1000,214.0,4.819,50.413,86265.0,84850.0,16840.0,1415.0,4.605,40.992,1695.0,2440.0,470.0,-745.0
40,40000,1000,95.0,4.743,50.483,87200.0,85530.0,17000.0,1670.0,1.775,57.895,935.0,680.0,160.0,255.0
41,41000,1000,101.0,4.691,50.534,88480.0,86610.0,17240.0,1870.0,2.6,54.237,1280.0,1080.0,240.0,200.0
42,42000,1000,289.0,4.796,50.664,92905.0,90470.0,18070.0,2435.0,9.115,53.41,4425.0,3860.0,830.0,565.0
43,43000,1000,146.0,4.765,50.573,94380.0,92240.0,18290.0,2140.0,3.465,45.455,1475.0,1770.0,220.0,-295.0
44,44000,1000,144.0,4.737,50.62,96095.0,93740.0,18580.0,2355.0,3.505,53.344,1715.0,1500.0,290.0,215.0
45,45000,1000,101.0,4.684,50.587,97165.0,94910.0,18700.0,2255.0,2.36,47.768,1070.0,1170.0,120.0,-100.0
46,46000,1000,142.0,4.675,50.559,99100.0,96910.0,19040.0,2190.0,4.275,49.174,1935.0,2000.0,340.0,-65.0
47,47000,1000,112.0,4.616,50.531,99870.0,97770.0,19290.0,2100.0,1.88,47.239,770.0,860.0,250.0,-90.0
48,48000,1000,151.0,4.602,50.506,101555.0,99520.0,19810.0,2035.0,3.955,49.054,1685.0,1750.0,520.0,-65.0
49,49000,1000,161.0,4.618,50.877,104875.0,101260.0,20150.0,3615.0,5.4,65.613,3320.0,1740.0,340.0,1580.0
50,50000,1000,122.0,4.591,50.731,106160.0,103100.0,20280.0,3060.0,3.255,41.12,1285.0,1840.0,130.0,-555.0
51,51000,1000,302.0,4.639,50.67,109360.0,106470.0,20760.0,2890.0,7.05,48.706,3200.0,3370.0,480.0,-170.0
52,52000,1000,209.0,4.658,50.65,111935.0,109060.0,21210.0,2875.0,5.615,49.855,2575.0,2590.0,450.0,-15.0
53,53000,1000,238.0,4.669,50.587,114220.0,111570.0,21660.0,2650.0,5.245,47.654,2285.0,2510.0,450.0,-225.0
54,54000,1000,197.0,4.681,50.505,116420.0,114090.0,22270.0,2330.0,5.33,46.61,2200.0,2520.0,610.0,-320.0
55,55000,1000,130.0,4.658,50.577,118215.0,115520.0,22470.0,2695.0,3.425,55.659,1795.0,1430.0,200.0,365.0
56,56000,1000,196.0,4.693,50.555,121285.0,118620.0,22890.0,2665.0,6.59,49.757,3070.0,3100.0,420.0,-30.0
57,57000,1000,206.0,4.699,50.463,123365.0,121100.0,23360.0,2265.0,5.03,45.614,2080.0,2480.0,470.0,-400.0
58,58000,1000,173.0,4.673,50.582,125200.0,122320.0,23530.0,2880.0,3.225,60.065,1835.0,1220.0,170.0,615.0
59,59000,1000,208.0,4.684,50.525,127580.0,124930.0,23850.0,2650.0,5.31,47.695,2380.0,2610.0,320.0,-230.0
60,60000,1000,134.0,4.656,50.596,129120.0,126080.0,24150.0,3040.0,2.99,57.249,1540.0,1150.0,300.0,390.0
61,61000,1000,153.0,4.646,50.575,130925.0,127950.0,24530.0,2975.0,4.055,49.116,1805.0,1870.0,380.0,-65.0
62,62000,1000,149.0,4.637,50.548,132695.0,129820.0,24980.0,2875.0,4.09,48.626,1770.0,1870.0,450.0,-100.0
63,63000,1000,198.0,4.63,50.617,134795.0,131510.0,25380.0,3285.0,4.19,55.409,2100.0,1690.0,400.0,410.0
64,64000,1000,200.0,4.646,50.531,137090.0,134210.0,26020.0,2880.0,5.635,45.946,2295.0,2700.0,640.0,-405.0
65,65000,1000,227.0,4.661,50.443,139480.0,137030.0,26460.0,2450.0,5.65,45.873,2390.0,2820.0,440.0,-430.0
66,66000,1000,188.0,4.679,50.474,142190.0,139520.0,27090.0,2670.0,5.83,52.115,2710.0,2490.0,630.0,220.0
67,67000,1000,136.0,4.666,50.487,143985.0,141210.0,27430.0,2775.0,3.825,51.506,1795.0,1690.0,340.0,105.0
68,68000,1000,225.0,4.695,50.55,147265.0,144060.0,27920.0,3205.0,6.62,53.507,3280.0,2850.0,490.0,430.0
69,69000,1000,129.0,4.669,50.615,148835.0,145220.0,28120.0,3615.0,2.93,57.509,1570.0,1160.0,200.0,410.0
70,70000,1000,267.0,4.704,50.652,152240.0,148320.0,28740.0,3920.0,7.125,52.344,3405.0,3100.0,620.0,305.0
71,71000,1000,200.0,4.715,50.672,154920.0,150810.0,29040.0,4110.0,5.47,51.838,2680.0,2490.0,300.0,190.0
72,72000,1000,240.0,4.739,50.745,158090.0,153450.0,29690.0,4640.0,6.46,54.561,3170.0,2640.0,650.0,530.0
73,73000,1000,120.0,4.718,50.691,159445.0,155100.0,29880.0,4345.0,3.195,45.092,1355.0,1650.0,190.0,-295.0
74,74000,1000,276.0,4.78,50.606,163405.0,159490.0,30850.0,3915.0,9.32,47.425,3960.0,4390.0,970.0,-430.0
75,75000,1000,153.0,4.765,50.636,165160.0,161010.0,31210.0,4150.0,3.635,53.588,1755.0,1520.0,360.0,235.0
76,76000,1000,120.0,4.742,50.655,166600.0,162290.0,31480.0,4310.0,2.99,52.941,1440.0,1280.0,270.0,160.0
77,77000,1000,220.0,4.751,50.726,169400.0,164550.0,31900.0,4850.0,5.48,55.336,2800.0,2260.0,420.0,540.0
78,78000,1000,269.0,4.777,50.665,172305.0,167780.0,32500.0,4525.0,6.735,47.351,2905.0,3230.0,600.0,-325.0
79,79000,1000,185.0,4.762,50.73,174215.0,169200.0,32790.0,5015.0,3.62,57.357,1910.0,1420.0,290.0,490.0
80,80000,1000,246.0,4.781,50.628,176690.0,172310.0,33470.0,4380.0,6.265,44.315,2475.0,3110.0,680.0,-635.0
81,81000,1000,206.0,4.787,50.706,179405.0,174410.0,33910.0,4995.0,5.255,56.386,2715.0,2100.0,440.0,615.0
82,82000,1000,201.0,4.791,50.761,181935.0,176480.0,34420.0,5455.0,5.11,55.0,2530.0,2070.0,510.0,460.0
83,83000,1000,114.0,4.763,50.786,183140.0,177470.0,34760.0,5670.0,2.535,54.897,1205.0,990.0,340.0,215.0
84,84000,1000,189.0,4.779,50.808,186175.0,180250.0,34970.0,5925.0,6.025,52.193,3035.0,2780.0,210.0,255.0
85,85000,1000,172.0,4.767,50.804,187920.0,181970.0,35290.0,5950.0,3.785,50.361,1745.0,1720.0,320.0,25.0
86,86000,1000,200.0,4.768,50.726,189940.0,184500.0,35640.0,5440.0,4.9,44.396,2020.0,2530.0,350.0,-510.0
87,87000,1000,130.0,4.747,50.754,191425.0,185740.0,35860.0,5685.0,2.945,54.495,1485.0,1240.0,220.0,245.0
88,88000,1000,157.0,4.732,50.799,193145.0,187070.0,36230.0,6075.0,3.42,56.393,1720.0,1330.0,370.0,390.0
89,89000,1000,132.0,4.712,50.852,194755.0,188230.0,36420.0,6525.0,2.96,58.123,1610.0,1160.0,190.0,450.0
90,90000,1000,145.0,4.697,50.83,196200.0,189790.0,36710.0,6410.0,3.295,48.087,1445.0,1560.0,290.0,-115.0
91,91000,1000,145.0,4.689,50.848,198180.0,191570.0,36910.0,6610.0,3.96,52.66,1980.0,1780.0,200.0,200.0
92,92000,1000,185.0,4.696,50.803,200470.0,194130.0,37450.0,6340.0,5.39,47.216,2290.0,2560.0,540.0,-270.0
93,93000,1000,182.0,4.696,50.81,202690.0,196230.0,37840.0,6460.0,4.71,51.389,2220.0,2100.0,390.0,120.0
94,94000,1000,165.0,4.695,50.748,204590.0,198560.0,38150.0,6030.0,4.54,44.917,1900.0,2330.0,310.0,-430.0
95,95000,1000,231.0,4.723,50.794,208250.0,201740.0,38670.0,6510.0,7.36,53.509,3660.0,3180.0,520.0,480.0
96,96000,1000,200.0,4.717,50.748,210035.0,203840.0,38980.0,6195.0,4.195,45.946,1785.0,2100.0,310.0,-315.0
97,97000,1000,221.0,4.725,50.739,212510.0,206320.0,39540.0,6190.0,5.515,49.95,2475.0,2480.0,560.0,-5.0
98,98000,1000,181.0,4.736,50.765,215135.0,208650.0,40360.0,6485.0,5.775,52.977,2625.0,2330.0,820.0,295.0
99,99000,1000,225.0,4.74,50.735,217300.0,211000.0,40940.0,6300.0,5.095,47.951,2165.0,2350.0,580.0,-185.0
100,100000,1000,160.0,4.734,50.756,219385.0,212850.0,41170.0,6535.0,4.165,52.986,2085.0,1850.0,230.0,235.0
