Session ID,Cumulative Games,Games Simulated in Session,Games Played in Session,Lifetime Avg Bet (Xbase),Lifetime winrate (W/L x(Base)),Lifetime Amount won (Xbase),Lifetime Amount loss (Xbase),Lifetime Amount push (Xbase),Lifetime Net Gain/Loss (Xbase),Session Avg Bet (Xbase),Session winrate (W/L x(Base)),Session Amount won (Xbase),Session Amount loss (Xbase),Session Amount push (Xbase),Session Net Gain/Loss (Xbase)
1,1000,1000,282.0,9.83,53.251,4750.0,4170.0,910.0,580.0,9.83,53.251,4750.0,4170.0,910.0,580.0
2,2000,1000,372.0,14.242,49.971,13055.0,13070.0,2360.0,-15.0,18.655,48.271,8305.0,8900.0,1450.0,-595.0
3,3000,1000,229.0,12.875,48.505,17115.0,18170.0,3340.0,-1055.0,10.14,44.323,4060.0,5100.0,980.0,-1040.0
4,4000,1000,237.0,11.857,48.238,20810.0,22330.0,4290.0,-1520.0,8.805,47.04,3695.0,4160.0,950.0,-465.0
5,5000,1000,361.0,12.83,48.204,28180.0,30280.0,5690.0,-2100.0,16.72,48.107,7370.0,7950.0,1400.0,-580.0
6,6000,1000,321.0,12.588,48.478,33450.0,35550.0,6530.0,-2100.0,11.38,50.0,5270.0,5270.0,840.0,0.0
7,7000,1000,254.0,12.141,48.798,37855.0,39720.0,7410.0,-1865.0,9.455,51.37,4405.0,4170.0,880.0,235.0
8,8000,1000,290.0,12.402,50.111,44990.0,44790.0,9440.0,200.0,14.235,58.46,7135.0,5070.0,2030.0,2065.0
9,9000,1000,309.0,12.414,50.296,50950.0,50350.0,10430.0,600.0,12.51,51.736,5960.0,5560.0,990.0,400.0
10,10000,1000,218.0,11.876,50.177,54010.0,53630.0,11120.0,380.0,7.03,48.265,3060.0,3280.0,690.0,-220.0
11,11000,1000,297.0,11.78,50.436,59235.0,58210.0,12130.0,1025.0,10.815,53.289,5225.0,4580.0,1010.0,645.0
12,12000,1000,335.0,12.133,50.296,66280.0,65500.0,13810.0,780.0,16.015,49.145,7045.0,7290.0,1680.0,-245.0
13,13000,1000,227.0,11.808,50.34,69985.0,69040.0,14480.0,945.0,7.915,51.139,3705.0,3540.0,670.0,165.0
14,14000,1000,396.0,12.096,50.29,77110.0,76220.0,16010.0,890.0,15.835,49.808,7125.0,7180.0,1530.0,-55.0
15,15000,1000,323.0,11.992,49.956,81655.0,81800.0,16430.0,-145.0,10.545,44.889,4545.0,5580.0,420.0,-1035.0
16,16000,1000,286.0,12.017,50.167,87665.0,87080.0,17520.0,585.0,12.38,53.233,6010.0,5280.0,1090.0,730.0
17,17000,1000,337.0,12.198,50.246,94940.0,94010.0,18410.0,930.0,15.095,51.214,7275.0,6930.0,890.0,345.0
18,18000,1000,287.0,12.145,50.139,99965.0,99410.0,19230.0,555.0,11.245,48.201,5025.0,5400.0,820.0,-375.0
19,19000,1000,316.0,12.109,50.143,105450.0,104850.0,19780.0,600.0,11.475,50.206,5485.0,5440.0,550.0,45.0
20,20000,1000,262.0,12.01,50.339,110700.0,109210.0,20290.0,1490.0,10.12,54.631,5250.0,4360.0,510.0,890.0
21,21000,1000,210.0,11.84,50.347,114620.0,113040.0,20970.0,1580.0,8.43,50.581,3920.0,3830.0,680.0,90.0
22,22000,1000,301.0,11.787,50.383,119495.0,117680.0,22150.0,1815.0,10.695,51.235,4875.0,4640.0,1180.0,235.0
23,23000,1000,323.0,11.97,50.532,127330.0,124650.0,23320.0,2680.0,15.975,52.921,7835.0,6970.0,1170.0,865.0
24,24000,1000,245.0,11.881,50.413,131435.0,129280.0,24440.0,2155.0,9.855,46.995,4105.0,4630.0,1120.0,-525.0
25,25000,1000,370.0,12.074,50.466,139300.0,136730.0,25810.0,2570.0,16.685,51.355,7865.0,7450.0,1370.0,415.0
26,26000,1000,299.0,12.127,50.462,145695.0,143030.0,26570.0,2665.0,13.455,50.374,6395.0,6300.0,760.0,95.0
27,27000,1000,179.0,11.955,50.458,149135.0,146430.0,27210.0,2705.0,7.48,50.292,3440.0,3400.0,640.0,40.0
28,28000,1000,300.0,12.064,50.81,157205.0,152190.0,28410.0,5015.0,15.03,58.351,8070.0,5760.0,1200.0,2310.0
29,29000,1000,282.0,12.091,50.881,163510.0,157850.0,29280.0,5660.0,12.835,52.695,6305.0,5660.0,870.0,645.0
30,30000,1000,317.0,12.085,50.963,169310.0,162910.0,30320.0,6400.0,11.9,53.407,5800.0,5060.0,1040.0,740.0
31,31000,1000,351.0,12.283,51.272,178970.0,170090.0,31720.0,8880.0,18.24,57.363,9660.0,7180.0,1400.0,2480.0
32,32000,1000,224.0,12.209,51.167,183145.0,174790.0,32760.0,8355.0,9.915,47.042,4175.0,4700.0,1040.0,-525.0
33,33000,1000,280.0,12.253,51.011,189030.0,181540.0,33790.0,7490.0,13.665,46.577,5885.0,6750.0,1030.0,-865.0
34,34000,1000,345.0,12.37,51.0,196775.0,189060.0,34730.0,7715.0,16.205,50.737,7745.0,7520.0,940.0,225.0
35,35000,1000,290.0,12.326,50.87,201365.0,194480.0,35580.0,6885.0,10.86,45.854,4590.0,5420.0,850.0,-830.0
36,36000,1000,379.0,12.452,50.79,209070.0,202570.0,36630.0,6500.0,16.845,48.781,7705.0,8090.0,1050.0,-385.0
37,37000,1000,255.0,12.403,50.76,213845.0,207440.0,37620.0,6405.0,10.635,49.508,4775.0,4870.0,990.0,-95.0
38,38000,1000,263.0,12.386,50.676,219095.0,213250.0,38310.0,5845.0,11.75,47.468,5250.0,5810.0,690.0,-560.0
39,39000,1000,252.0,12.339,50.773,224525.0,217690.0,39000.0,6835.0,10.56,55.015,5430.0,4440.0,690.0,990.0
40,40000,1000,258.0,12.277,50.768,229195.0,222260.0,39610.0,6935.0,9.85,50.541,4670.0,4570.0,610.0,100.0
41,41000,1000,305.0,12.339,50.765,236030.0,228920.0,40950.0,7110.0,14.835,50.648,6835.0,6660.0,1340.0,175.0
42,42000,1000,208.0,12.203,50.842,239360.0,231430.0,41750.0,7930.0,6.64,57.021,3330.0,2510.0,800.0,820.0
43,43000,1000,314.0,12.238,50.757,245305.0,237990.0,42940.0,7315.0,13.695,47.541,5945.0,6560.0,1190.0,-615.0
44,44000,1000,314.0,12.283,50.56,250745.0,245190.0,44520.0,5555.0,14.22,43.038,5440.0,7200.0,1580.0,-1760.0
45,45000,1000,302.0,12.325,50.541,256995.0,251490.0,46120.0,5505.0,14.15,49.801,6250.0,6300.0,1600.0,-50.0
46,46000,1000,353.0,12.392,50.491,264035.0,258900.0,47100.0,5135.0,15.43,48.72,7040.0,7410.0,980.0,-370.0
47,47000,1000,264.0,12.335,50.526,268675.0,263080.0,47980.0,5595.0,9.7,52.608,4640.0,4180.0,880.0,460.0
48,48000,1000,334.0,12.321,50.548,274260.0,268310.0,48850.0,5950.0,11.685,51.641,5585.0,5230.0,870.0,355.0
49,49000,1000,241.0,12.249,50.381,277455.0,273260.0,49500.0,4195.0,8.795,39.227,3195.0,4950.0,650.0,-1755.0
50,50000,1000,288.0,12.205,50.33,281750.0,278050.0,50430.0,3700.0,10.015,47.276,4295.0,4790.0,930.0,-495.0
51,51000,1000,374.0,12.326,50.446,291005.0,285860.0,51780.0,5145.0,18.415,54.234,9255.0,7810.0,1350.0,1445.0
52,52000,1000,208.0,12.247,50.505,295195.0,289290.0,52340.0,5905.0,8.18,54.987,4190.0,3430.0,560.0,760.0
53,53000,1000,311.0,12.253,50.414,300480.0,295550.0,53380.0,4930.0,12.585,45.777,5285.0,6260.0,1040.0,-975.0
54,54000,1000,278.0,12.201,50.44,304955.0,299630.0,54290.0,5325.0,9.465,52.309,4475.0,4080.0,910.0,395.0
55,55000,1000,342.0,12.272,50.415,312295.0,307150.0,55530.0,5145.0,16.1,49.394,7340.0,7520.0,1240.0,-180.0
56,56000,1000,269.0,12.229,50.457,317070.0,311330.0,56450.0,5740.0,9.875,53.322,4775.0,4180.0,920.0,595.0
57,57000,1000,291.0,12.228,50.429,322460.0,316970.0,57570.0,5490.0,12.15,48.867,5390.0,5640.0,1120.0,-250.0
58,58000,1000,287.0,12.265,50.438,329345.0,323630.0,58400.0,5715.0,14.375,50.831,6885.0,6660.0,830.0,225.0
59,59000,1000,298.0,12.228,50.472,334235.0,327980.0,59240.0,6255.0,10.08,52.922,4890.0,4350.0,840.0,540.0
60,60000,1000,306.0,12.264,50.485,340915.0,334360.0,60580.0,6555.0,14.4,51.149,6680.0,6380.0,1340.0,300.0
61,61000,1000,260.0,12.209,50.473,345135.0,338660.0,60980.0,6475.0,8.92,49.531,4220.0,4300.0,400.0,-80.0
62,62000,1000,258.0,12.171,50.491,349870.0,343070.0,61690.0,6800.0,9.855,51.777,4735.0,4410.0,710.0,325.0
63,63000,1000,256.0,12.176,50.518,355755.0,348460.0,62850.0,7295.0,12.435,52.195,5885.0,5390.0,1160.0,495.0
64,64000,1000,206.0,12.101,50.476,358860.0,352090.0,63520.0,6770.0,7.405,46.102,3105.0,3630.0,670.0,-525.0
65,65000,1000,302.0,12.11,50.465,364870.0,358140.0,64140.0,6730.0,12.68,49.834,6010.0,6050.0,620.0,-40.0
66,66000,1000,300.0,12.105,50.448,370055.0,363480.0,65410.0,6575.0,11.795,49.264,5185.0,5340.0,1270.0,-155.0
67,67000,1000,273.0,12.087,50.475,375385.0,368320.0,66110.0,7065.0,10.87,52.409,5330.0,4840.0,700.0,490.0
68,68000,1000,194.0,12.038,50.516,379710.0,371960.0,66930.0,7750.0,8.785,54.3,4325.0,3640.0,820.0,685.0
69,69000,1000,220.0,11.974,50.578,383660.0,374890.0,67680.0,8770.0,7.63,57.413,3950.0,2930.0,750.0,1020.0
70,70000,1000,329.0,11.996,50.56,389880.0,381240.0,68570.0,8640.0,13.46,49.483,6220.0,6350.0,890.0,-130.0
71,71000,1000,223.0,11.976,50.521,394545.0,386410.0,69320.0,8135.0,10.585,47.433,4665.0,5170.0,750.0,-505.0
72,72000,1000,245.0,11.931,50.504,398570.0,390620.0,69820.0,7950.0,8.735,48.877,4025.0,4210.0,500.0,-185.0
73,73000,1000,312.0,11.963,50.506,404990.0,396870.0,71410.0,8120.0,14.26,50.671,6420.0,6250.0,1590.0,170.0
74,74000,1000,279.0,11.966,50.539,411010.0,402250.0,72200.0,8760.0,12.19,52.807,6020.0,5380.0,790.0,640.0
75,75000,1000,274.0,12.009,50.514,417840.0,409330.0,73490.0,8510.0,15.2,49.101,6830.0,7080.0,1290.0,-250.0
76,76000,1000,327.0,12.039,50.593,424960.0,414990.0,75000.0,9970.0,14.29,55.712,7120.0,5660.0,1510.0,1460.0
77,77000,1000,219.0,12.014,50.524,429140.0,420240.0,75710.0,8900.0,10.14,44.327,4180.0,5250.0,710.0,-1070.0
78,78000,1000,245.0,11.995,50.512,433985.0,425180.0,76410.0,8805.0,10.485,49.515,4845.0,4940.0,700.0,-95.0
79,79000,1000,323.0,12.021,50.483,440445.0,432010.0,77180.0,8435.0,14.06,48.608,6460.0,6830.0,770.0,-370.0
80,80000,1000,270.0,11.997,50.469,445155.0,436890.0,77740.0,8265.0,10.15,49.114,4710.0,4880.0,560.0,-170.0
81,81000,1000,325.0,12.007,50.492,451170.0,442380.0,78980.0,8790.0,12.745,52.282,6015.0,5490.0,1240.0,525.0
82,82000,1000,338.0,12.05,50.466,458320.0,449850.0,79950.0,8470.0,15.59,48.906,7150.0,7470.0,970.0,-320.0
83,83000,1000,314.0,12.07,50.396,464075.0,456790.0,80970.0,7285.0,13.715,45.333,5755.0,6940.0,1020.0,-1185.0
84,84000,1000,318.0,12.134,50.35,471595.0,465030.0,82620.0,6565.0,17.41,47.716,7520.0,8240.0,1650.0,-720.0
85,85000,1000,306.0,12.132,50.29,476580.0,471090.0,83550.0,5490.0,11.975,45.134,4985.0,6060.0,930.0,-1075.0
86,86000,1000,287.0,12.113,50.342,481945.0,475400.0,84360.0,6545.0,10.485,55.452,5365.0,4310.0,810.0,1055.0
87,87000,1000,345.0,12.117,50.377,487940.0,480640.0,85640.0,7300.0,12.515,53.36,5995.0,5240.0,1280.0,755.0
88,88000,1000,273.0,12.108,50.389,493135.0,485530.0,86820.0,7605.0,11.265,51.512,5195.0,4890.0,1180.0,305.0
89,89000,1000,234.0,12.063,50.368,496740.0,489490.0,87340.0,7250.0,8.085,47.654,3605.0,3960.0,520.0,-355.0
90,90000,1000,296.0,12.079,50.378,503005.0,495460.0,88620.0,7545.0,13.515,51.206,6265.0,5970.0,1280.0,295.0
91,91000,1000,311.0,12.118,50.284,509375.0,503630.0,89690.0,5745.0,15.61,43.81,6370.0,8170.0,1070.0,-1800.0
92,92000,1000,392.0,12.171,50.274,517335.0,511700.0,90690.0,5635.0,17.03,49.657,7960.0,8070.0,1000.0,-110.0
93,93000,1000,280.0,12.164,50.253,522445.0,517190.0,91640.0,5255.0,11.55,48.208,5110.0,5490.0,950.0,-380.0
94,94000,1000,308.0,12.146,50.196,526625.0,522510.0,92550.0,4115.0,10.41,44.0,4180.0,5320.0,910.0,-1140.0
95,95000,1000,212.0,12.138,50.228,532255.0,527420.0,93440.0,4835.0,11.43,53.416,5630.0,4910.0,890.0,720.0
96,96000,1000,267.0,12.123,50.212,536970.0,532430.0,94380.0,4540.0,10.665,48.483,4715.0,5010.0,940.0,-295.0
97,97000,1000,293.0,12.106,50.238,541945.0,536820.0,95550.0,5125.0,10.535,53.123,4975.0,4390.0,1170.0,585.0
98,98000,1000,302.0,12.124,50.077,546200.0,544530.0,97380.0,1670.0,13.795,35.562,4255.0,7710.0,1830.0,-3455.0
99,99000,1000,269.0,12.097,50.105,550920.0,548620.0,98020.0,2300.0,9.45,53.575,4720.0,4090.0,640.0,630.0
100,100000,1000,301.0,12.097,50.053,556090.0,554910.0,98740.0,1180.0,12.18,45.113,5170.0,6290.0,720.0,-1120.0
